39.864	0.0	-0.0173877	-0.204836	0.872807	1.0	-0.0328602	-0.183188	1.18539	2.0	-0.0540876	-0.149002	1.49064	3.0	-0.0277326	-0.148865	1.61321	4.0	-0.219233	-0.15941	1.35751	5.0	-0.301841	-0.18912	1.11409	6.0	-0.321823	-0.142699	0.883615	7.0	-0.356055	-0.114386	0.826165	8.0	0.133722	-0.143993	1.35286	9.0	0.20147	-0.149949	1.08784	10.0	0.219022	-0.070313	0.866038	11.0	0.230865	-0.0340738	0.82408	12.0	-0.0971631	-0.169439	0.876927	13.0	-0.168494	-0.075862	0.514046	14.0	-0.160656	-0.0794426	0.150029	15.0	-0.18938	0.0263127	0.081313	16.0	0.0286011	-0.169035	0.871275	17.0	0.0598192	-0.244023	0.464478	18.0	0.0133744	-0.290813	0.148687	19.0	0.0080701	-0.18986	0.0879758	20.0	-0.0477164	-0.159837	1.41537	21.0	-0.352091	-0.121742	0.763047	22.0	-0.338977	-0.106481	0.790595	23.0	0.22424	-0.0238774	0.785666	24.0	0.243103	-0.00580361	0.834293
39.897	0.0	-0.0180946	-0.180957	0.869925	1.0	-0.0333668	-0.162473	1.18265	2.0	-0.0543359	-0.131691	1.48819	3.0	-0.0284746	-0.123065	1.60643	4.0	-0.21976	-0.135561	1.35095	5.0	-0.308367	-0.172663	1.11278	6.0	-0.356094	-0.126866	0.885863	7.0	-0.3677	-0.115768	0.82226	8.0	0.13311	-0.120405	1.35062	9.0	0.196998	-0.117494	1.08789	10.0	0.223218	-0.050593	0.86369	11.0	0.228737	0.00899934	0.827669	12.0	-0.0998604	-0.143626	0.875128	13.0	-0.166136	-0.0427923	0.519034	14.0	-0.162065	-0.00162292	0.165276	15.0	-0.188381	0.11568	0.0849622	16.0	0.0296988	-0.146802	0.867465	17.0	0.0707717	-0.233652	0.4538	18.0	0.0147187	-0.272042	0.149927	19.0	0.0120677	-0.150868	0.0731472	20.0	-0.0480344	-0.141664	1.41283	21.0	-0.360816	-0.123833	0.758642	22.0	-0.350233	-0.0817909	0.826336	23.0	0.237337	0.024881	0.792044	24.0	0.216976	0.0397631	0.854009
39.93	0.0	-0.0147031	-0.159433	0.867049	1.0	-0.0323395	-0.139246	1.17864	2.0	-0.0558148	-0.106603	1.48295	3.0	-0.0328467	-0.0984131	1.60145	4.0	-0.225194	-0.116214	1.34565	5.0	-0.312864	-0.154783	1.1104	6.0	-0.360026	-0.125762	0.881594	7.0	-0.382629	-0.111857	0.818493	8.0	0.131078	-0.0910488	1.34451	9.0	0.192707	-0.0915303	1.08864	10.0	0.218961	0.00116157	0.872652	11.0	0.21965	0.0492327	0.827511	12.0	-0.097319	-0.124646	0.871061	13.0	-0.161748	-0.00875597	0.508268	14.0	-0.153191	0.0638464	0.181097	15.0	-0.184305	0.182948	0.103305	16.0	0.0339022	-0.122981	0.865992	17.0	0.070347	-0.225528	0.456917	18.0	0.0170867	-0.257139	0.151529	19.0	0.0179968	-0.131742	0.0800356	20.0	-0.048872	-0.117041	1.4079	21.0	-0.386283	-0.113902	0.760844	22.0	-0.366061	-0.117812	0.779789	23.0	0.228449	0.0663281	0.793884	24.0	0.190038	0.070368	0.850877
39.964	0.0	-0.0160293	-0.126055	0.866049	1.0	-0.0342914	-0.110191	1.17536	2.0	-0.058147	-0.0817969	1.47781	3.0	-0.0372712	-0.0827707	1.60093	4.0	-0.230778	-0.087889	1.33965	5.0	-0.318225	-0.134847	1.10544	6.0	-0.379661	-0.108988	0.879679	7.0	-0.389348	-0.109256	0.81847	8.0	0.127375	-0.0666016	1.34101	9.0	0.189092	-0.0574246	1.08937	10.0	0.215892	0.0264955	0.870466	11.0	0.210449	0.0936985	0.834798	12.0	-0.0992467	-0.0908439	0.869772	13.0	-0.160001	0.0438031	0.4758	14.0	-0.156348	0.136506	0.16671	15.0	-0.186802	0.266895	0.102089	16.0	0.0329228	-0.0904842	0.865186	17.0	0.0777519	-0.187228	0.488157	18.0	0.0245389	-0.227892	0.184053	19.0	-0.0391681	-0.0848195	0.162337	20.0	-0.0511304	-0.0911899	1.40319	21.0	-0.381144	-0.128506	0.752892	22.0	-0.37012	-0.0947913	0.805102	23.0	0.219213	0.108044	0.800033	24.0	0.179828	0.115222	0.860144
39.997	0.0	-0.0198859	-0.0987444	0.864446	1.0	-0.0413514	-0.0820508	1.17255	2.0	-0.0685993	-0.0530016	1.47347	3.0	-0.0469787	-0.0476949	1.59361	4.0	-0.235124	-0.0597604	1.3355	5.0	-0.327884	-0.109711	1.10045	6.0	-0.387314	-0.10268	0.873918	7.0	-0.4022	-0.0982579	0.814127	8.0	0.121068	-0.0378758	1.34317	9.0	0.184314	-0.0296	1.08942	10.0	0.197805	0.0759009	0.87745	11.0	0.197004	0.135462	0.838944	12.0	-0.103495	-0.0642016	0.868157	13.0	-0.174373	0.0648975	0.489658	14.0	-0.153998	0.171219	0.178094	15.0	-0.179518	0.305525	0.118095	16.0	0.029298	-0.0624541	0.863624	17.0	0.0731495	-0.137872	0.569284	18.0	0.0413744	-0.211861	0.262691	19.0	-0.0196917	-0.0698305	0.23278	20.0	-0.0607202	-0.0625322	1.39926	21.0	-0.392095	-0.122953	0.751069	22.0	-0.395509	-0.0554043	0.809055	23.0	0.202582	0.152911	0.802803	24.0	0.166014	0.15436	0.860018
40.03	0.0	-0.0317458	-0.0535548	0.864487	1.0	-0.0510416	-0.0455005	1.17059	2.0	-0.0761775	-0.0243637	1.46994	3.0	-0.0539832	-0.022424	1.59187	4.0	-0.241731	-0.0361133	1.33037	5.0	-0.335515	-0.0878275	1.09249	6.0	-0.392975	-0.0974722	0.866584	7.0	-0.40946	-0.0905029	0.808145	8.0	0.115366	-0.00936204	1.33406	9.0	0.174694	0.003852	1.07919	10.0	0.196366	0.102819	0.865433	11.0	0.186728	0.172528	0.833733	12.0	-0.117896	-0.0158076	0.867376	13.0	-0.164778	0.109012	0.526835	14.0	-0.15438	0.186234	0.180789	15.0	-0.178804	0.315284	0.113672	16.0	0.0197535	-0.0209214	0.864453	17.0	0.0689939	-0.113569	0.578863	18.0	0.0411966	-0.172191	0.275429	19.0	-0.0248691	-0.0351292	0.238427	20.0	-0.0688163	-0.031994	1.39609	21.0	-0.404123	-0.108449	0.744478	22.0	-0.396563	-0.0532307	0.805526	23.0	0.186838	0.20231	0.799888	24.0	0.160788	0.189799	0.860756
40.064	0.0	-0.035389	-0.0270772	0.85695	1.0	-0.0567853	-0.0187559	1.1646	2.0	-0.0837291	0.00159977	1.46517	3.0	-0.0610164	0.00145229	1.58814	4.0	-0.251574	-0.0088607	1.3234	5.0	-0.338201	-0.0655831	1.08884	6.0	-0.406288	-0.0756775	0.865851	7.0	-0.418472	-0.0783238	0.803801	8.0	0.108053	0.0156236	1.32969	9.0	0.166113	0.0310154	1.07719	10.0	0.188721	0.127269	0.862573	11.0	0.173078	0.207076	0.832408	12.0	-0.121291	0.00817499	0.863177	13.0	-0.161969	0.149759	0.480215	14.0	-0.145281	0.231564	0.144998	15.0	-0.17468	0.35632	0.0785022	16.0	0.0156766	0.00864131	0.85334	17.0	0.0657836	-0.084493	0.568334	18.0	0.0417769	-0.156001	0.268019	19.0	-0.021335	-0.0183836	0.229378	20.0	-0.0759549	-0.00572094	1.39104	21.0	-0.407548	-0.104247	0.735146	22.0	-0.405336	-0.0624893	0.795431	23.0	0.176018	0.2256	0.797019	24.0	0.150236	0.222028	0.857526
40.097	0.0	-0.0474624	0.0216179	0.854894	1.0	-0.0680009	0.0171151	1.16096	2.0	-0.0939837	0.0271062	1.46024	3.0	-0.0711726	0.028941	1.58231	4.0	-0.258321	0.0142905	1.31903	5.0	-0.347485	-0.0380972	1.08517	6.0	-0.410728	-0.0641311	0.863124	7.0	-0.426517	-0.060155	0.799353	8.0	0.0980865	0.0487836	1.32629	9.0	0.159771	0.0591934	1.07049	10.0	0.158038	0.189547	0.871094	11.0	0.159738	0.227816	0.840571	12.0	-0.134761	0.0567819	0.860098	13.0	-0.158516	0.184138	0.476515	14.0	-0.145463	0.233874	0.144352	15.0	-0.174332	0.355807	0.0774509	16.0	0.00502605	0.0561127	0.852909	17.0	0.0790346	-0.0512094	0.582423	18.0	0.027477	-0.246837	0.217226	19.0	-0.0288647	-0.101827	0.191627	20.0	-0.0864472	0.0221405	1.3864	21.0	-0.423609	-0.0797021	0.737643	22.0	-0.403713	-0.0793091	0.740593	23.0	0.164072	0.252162	0.797748	24.0	0.147244	0.260849	0.859615
40.13	0.0	-0.0557711	0.0430518	0.852549	1.0	-0.078083	0.0430185	1.16045	2.0	-0.105505	0.0547432	1.46131	3.0	-0.0802991	0.0509339	1.5861	4.0	-0.26808	0.0378456	1.31753	5.0	-0.349965	-0.00767789	1.06924	6.0	-0.421812	-0.0424981	0.851487	7.0	-0.436472	-0.0407857	0.791692	8.0	0.0857574	0.0822412	1.32617	9.0	0.148419	0.0930058	1.07565	10.0	0.157739	0.193204	0.861473	11.0	0.148967	0.260881	0.827071	12.0	-0.143135	0.0771533	0.856517	13.0	-0.158444	0.21339	0.486832	14.0	-0.146035	0.2367	0.144623	15.0	-0.172879	0.355465	0.0767842	16.0	-0.00355824	0.0796424	0.851892	17.0	0.0697937	-0.00946576	0.571844	18.0	0.0286078	-0.22603	0.218403	19.0	-0.0289235	-0.0818642	0.191621	20.0	-0.0976573	0.0496335	1.38712	21.0	-0.432606	-0.0715866	0.727386	22.0	-0.441823	-0.0545776	0.752028	23.0	0.149612	0.284985	0.798102	24.0	0.142015	0.294714	0.852461
40.164	0.0	-0.067921	0.0794538	0.859483	1.0	-0.0863786	0.0708838	1.16543	2.0	-0.110997	0.0758843	1.46437	3.0	-0.0910041	0.0806871	1.58518	4.0	-0.276753	0.0589521	1.31967	5.0	-0.358979	0.0170958	1.07785	6.0	-0.426025	-0.0167706	0.858538	7.0	-0.444553	-0.012818	0.787715	8.0	0.0793051	0.108566	1.32858	9.0	0.134216	0.124434	1.07737	10.0	0.148606	0.205224	0.856555	11.0	0.136674	0.282257	0.827185	12.0	-0.155429	0.113208	0.86542	13.0	-0.161561	0.237327	0.491905	14.0	-0.145287	0.241596	0.145847	15.0	-0.171527	0.353655	0.0760144	16.0	-0.0154597	0.115752	0.856686	17.0	0.077438	-0.0106175	0.544169	18.0	0.00749404	-0.236879	0.201287	19.0	-0.0453129	-0.0900938	0.178014	20.0	-0.103751	0.0722604	1.39064	21.0	-0.443526	-0.0263886	0.731692	22.0	-0.476656	-0.00328048	0.769504	23.0	0.143504	0.314282	0.793954	24.0	0.116194	0.297596	0.854072
40.197	0.0	-0.0688494	0.102118	0.864666	1.0	-0.0920901	0.0972773	1.17256	2.0	-0.121548	0.104684	1.473	3.0	-0.0979722	0.103677	1.59703	4.0	-0.285801	0.0953349	1.32429	5.0	-0.359845	0.0432089	1.08424	6.0	-0.427327	0.0155728	0.863866	7.0	-0.448433	0.0168262	0.793346	8.0	0.0670729	0.143888	1.33412	9.0	0.121609	0.154389	1.07665	10.0	0.131249	0.251524	0.861421	11.0	0.128334	0.301234	0.821149	12.0	-0.155479	0.131181	0.867747	13.0	-0.164397	0.252132	0.509505	14.0	-0.145172	0.244612	0.146622	15.0	-0.170252	0.353517	0.0767172	16.0	-0.0177516	0.143998	0.865316	17.0	0.0738988	0.000133608	0.54273	18.0	0.00933191	-0.23209	0.203172	19.0	-0.0436384	-0.0850553	0.181055	20.0	-0.113106	0.100605	1.39895	21.0	-0.45099	0.00676104	0.744277	22.0	-0.477509	0.0236044	0.772328	23.0	0.135298	0.313702	0.784456	24.0	0.132583	0.332833	0.833965
40.23	0.0	-0.0705633	0.126264	0.86656	1.0	-0.0960711	0.122348	1.17662	2.0	-0.127404	0.130847	1.47912	3.0	-0.105859	0.128673	1.60388	4.0	-0.291025	0.112826	1.33045	5.0	-0.367759	0.0732777	1.09245	6.0	-0.434753	0.0504724	0.871156	7.0	-0.452138	0.0516209	0.801815	8.0	0.0602595	0.165784	1.33967	9.0	0.115324	0.183009	1.07862	10.0	0.126155	0.281105	0.863964	11.0	0.115531	0.31263	0.829659	12.0	-0.159131	0.162895	0.872909	13.0	-0.166818	0.258972	0.511281	14.0	-0.145103	0.247206	0.146024	15.0	-0.170587	0.353132	0.0758912	16.0	-0.0180017	0.160769	0.864341	17.0	0.0638681	0.0308352	0.518679	18.0	0.00736692	-0.209085	0.183686	19.0	-0.0463288	-0.0617611	0.164177	20.0	-0.11851	0.126452	1.40457	21.0	-0.444892	0.0388113	0.746537	22.0	-0.477856	0.0600923	0.798251	23.0	0.123803	0.322303	0.786863	24.0	0.119209	0.354114	0.835261
40.264	0.0	-0.070585	0.15127	0.871778	1.0	-0.0988423	0.146377	1.18338	2.0	-0.132645	0.153971	1.4872	3.0	-0.111189	0.150013	1.61298	4.0	-0.297005	0.14163	1.3387	5.0	-0.369979	0.0897413	1.09552	6.0	-0.435393	0.0694446	0.873432	7.0	-0.453716	0.0835562	0.812891	8.0	0.0581139	0.186665	1.34498	9.0	0.111095	0.204813	1.07822	10.0	0.119048	0.287981	0.857894	11.0	0.107101	0.317345	0.848195	12.0	-0.158285	0.183474	0.877803	13.0	-0.16963	0.264426	0.512623	14.0	-0.145967	0.247072	0.146581	15.0	-0.170256	0.344666	0.0757946	16.0	-0.0188913	0.188665	0.86874	17.0	0.0638515	0.0380881	0.513659	18.0	0.0255142	-0.213267	0.185524	19.0	-0.0300506	-0.0707913	0.152239	20.0	-0.123156	0.149813	1.41234	21.0	-0.44654	0.0734164	0.751899	22.0	-0.483077	0.0912526	0.802605	23.0	0.105648	0.346127	0.793784	24.0	0.112978	0.356847	0.817291
40.297	0.0	-0.0799671	0.176714	0.874895	1.0	-0.106723	0.170283	1.18763	2.0	-0.139036	0.176148	1.4923	3.0	-0.1188	0.176182	1.61651	4.0	-0.30177	0.162668	1.3441	5.0	-0.379981	0.123873	1.10616	6.0	-0.444244	0.118	0.882182	7.0	-0.458059	0.117939	0.811429	8.0	0.0504546	0.211897	1.34829	9.0	0.111214	0.225747	1.09892	10.0	0.11495	0.299675	0.875579	11.0	0.101385	0.336537	0.852896	12.0	-0.16744	0.20914	0.879291	13.0	-0.172377	0.268246	0.512147	14.0	-0.147491	0.250518	0.145143	15.0	-0.170335	0.344214	0.0753347	16.0	-0.0284225	0.214189	0.873412	17.0	0.068933	0.047629	0.507355	18.0	0.020237	-0.208306	0.184087	19.0	0.0621912	-0.0904042	0.124355	20.0	-0.129915	0.172433	1.41726	21.0	-0.449916	0.116141	0.753026	22.0	-0.487151	0.128043	0.806975	23.0	0.0984007	0.360016	0.798518	24.0	0.102247	0.381595	0.855488
40.33	0.0	-0.0778333	0.187693	0.876143	1.0	-0.107581	0.18557	1.18951	2.0	-0.143986	0.197137	1.49503	3.0	-0.120753	0.189247	1.62278	4.0	-0.307445	0.186266	1.34499	5.0	-0.381797	0.146128	1.10507	6.0	-0.449262	0.141045	0.882	7.0	-0.462442	0.148501	0.813209	8.0	0.0459579	0.227936	1.35516	9.0	0.108417	0.239263	1.10086	10.0	0.114797	0.307411	0.876183	11.0	0.100655	0.36013	0.831158	12.0	-0.164746	0.22075	0.880302	13.0	-0.176647	0.272956	0.515169	14.0	-0.149652	0.250527	0.147973	15.0	-0.170015	0.344095	0.0754929	16.0	-0.0268974	0.224399	0.874833	17.0	0.0696781	0.0606221	0.506893	18.0	0.00953301	-0.177122	0.170794	19.0	0.0650012	-0.0618127	0.121897	20.0	-0.133726	0.191877	1.41976	21.0	-0.458758	0.144851	0.754562	22.0	-0.48809	0.14775	0.8057	23.0	0.102792	0.371283	0.798062	24.0	0.102251	0.397055	0.84528
40.364	0.0	-0.0667497	0.202202	0.877343	1.0	-0.103869	0.20345	1.19109	2.0	-0.147408	0.220106	1.49708	3.0	-0.124051	0.215287	1.62381	4.0	-0.310917	0.208417	1.34814	5.0	-0.38898	0.174954	1.105	6.0	-0.459357	0.180472	0.882306	7.0	-0.468069	0.182685	0.814176	8.0	0.0440924	0.239836	1.35964	9.0	0.108584	0.256629	1.11344	10.0	0.111473	0.330428	0.890187	11.0	0.103826	0.380033	0.840304	12.0	-0.151612	0.236155	0.878147	13.0	-0.179978	0.274653	0.517369	14.0	-0.152225	0.250564	0.14995	15.0	-0.169306	0.34284	0.0755261	16.0	-0.0176901	0.238284	0.879128	17.0	0.0615878	0.082524	0.501517	18.0	0.0871344	-0.0435264	0.139017	19.0	0.118547	0.0151679	0.0759997	20.0	-0.135277	0.213467	1.4217	21.0	-0.469162	0.179444	0.756768	22.0	-0.497864	0.198291	0.799156	23.0	0.10381	0.388332	0.799737	24.0	0.103657	0.41875	0.856564
40.397	0.0	-0.0719894	0.221563	0.874621	1.0	-0.108533	0.223194	1.19123	2.0	-0.150602	0.236731	1.49957	3.0	-0.12602	0.230895	1.62686	4.0	-0.312409	0.226915	1.35203	5.0	-0.395744	0.209139	1.1121	6.0	-0.463837	0.218316	0.888737	7.0	-0.474882	0.224714	0.824626	8.0	0.0427743	0.256505	1.36034	9.0	0.107101	0.269413	1.11249	10.0	0.113792	0.33828	0.888208	11.0	0.1094	0.392686	0.837168	12.0	-0.158189	0.256897	0.877532	13.0	-0.181673	0.277301	0.514968	14.0	-0.154515	0.249246	0.155375	15.0	-0.168652	0.340363	0.0761204	16.0	-0.0220556	0.255893	0.87469	17.0	0.0622244	0.108289	0.494313	18.0	0.0962511	-0.0123845	0.131857	19.0	0.122914	0.076634	0.0842735	20.0	-0.138974	0.231117	1.42368	21.0	-0.47578	0.212291	0.761567	22.0	-0.504134	0.23598	0.804959	23.0	0.106265	0.408697	0.799721	24.0	0.108381	0.428894	0.854885
40.43	0.0	-0.0719562	0.232338	0.873896	1.0	-0.109568	0.23634	1.19156	2.0	-0.152944	0.253073	1.50121	3.0	-0.127137	0.249904	1.62756	4.0	-0.312463	0.247077	1.35491	5.0	-0.402658	0.231431	1.10933	6.0	-0.471325	0.261035	0.886952	7.0	-0.482631	0.267127	0.818476	8.0	0.0377583	0.27576	1.36022	9.0	0.106308	0.28076	1.11618	10.0	0.117483	0.344914	0.891121	11.0	0.117302	0.402795	0.843567	12.0	-0.157846	0.269153	0.87667	13.0	-0.183885	0.280855	0.519482	14.0	-0.154638	0.249621	0.158154	15.0	-0.168596	0.339371	0.0761253	16.0	-0.0224382	0.265026	0.874089	17.0	0.06499	0.147196	0.480842	18.0	0.113544	0.035057	0.148061	19.0	0.126478	0.0991174	0.0779715	20.0	-0.141006	0.246614	1.42495	21.0	-0.487042	0.265588	0.764072	22.0	-0.511424	0.288455	0.831877	23.0	0.113118	0.424446	0.804244	24.0	0.120637	0.434058	0.8671
40.464	0.0	-0.0715932	0.247413	0.874188	1.0	-0.109855	0.251706	1.19277	2.0	-0.153744	0.268282	1.50315	3.0	-0.128487	0.264786	1.62977	4.0	-0.314552	0.264518	1.3565	5.0	-0.411355	0.2633	1.11042	6.0	-0.472463	0.300219	0.886755	7.0	-0.484606	0.311623	0.821669	8.0	0.0371005	0.286475	1.36218	9.0	0.107231	0.294605	1.10678	10.0	0.122266	0.35591	0.881497	11.0	0.128725	0.404266	0.831983	12.0	-0.1565	0.283485	0.875156	13.0	-0.185066	0.282502	0.518861	14.0	-0.154726	0.249487	0.158896	15.0	-0.168934	0.339018	0.0760292	16.0	-0.0233361	0.280893	0.87627	17.0	0.0573957	0.197747	0.526196	18.0	0.120934	0.0932622	0.167335	19.0	0.132918	0.175358	0.0859835	20.0	-0.141709	0.261907	1.42673	21.0	-0.485968	0.29403	0.767202	22.0	-0.487441	0.350258	0.830631	23.0	0.12698	0.424099	0.79785	24.0	0.125022	0.444056	0.848872
40.497	0.0	-0.0714702	0.261661	0.87239	1.0	-0.110721	0.268185	1.19117	2.0	-0.155694	0.28721	1.50172	3.0	-0.1297	0.283349	1.62857	4.0	-0.316579	0.283397	1.35676	5.0	-0.416665	0.285373	1.11057	6.0	-0.468319	0.343976	0.88825	7.0	-0.485841	0.358807	0.839555	8.0	0.0369873	0.304516	1.36013	9.0	0.104657	0.310176	1.0844	10.0	0.129126	0.368972	0.859754	11.0	0.136331	0.408522	0.821829	12.0	-0.156523	0.299812	0.872309	13.0	-0.186297	0.284264	0.519965	14.0	-0.154956	0.249824	0.158286	15.0	-0.169046	0.339398	0.0760847	16.0	-0.0232243	0.292864	0.875393	17.0	0.0591333	0.218565	0.521351	18.0	0.128572	0.135317	0.166008	19.0	0.134536	0.223159	0.0899097	20.0	-0.143386	0.280204	1.42525	21.0	-0.490947	0.352896	0.775267	22.0	-0.520523	0.382188	0.849447	23.0	0.12703	0.430611	0.794732	24.0	0.129536	0.445077	0.840625
40.53	0.0	-0.0725104	0.279531	0.870395	1.0	-0.110742	0.284068	1.18991	2.0	-0.154756	0.301058	1.50103	3.0	-0.130087	0.303229	1.6253	4.0	-0.314205	0.298754	1.35717	5.0	-0.419451	0.313781	1.12153	6.0	-0.464249	0.386607	0.901327	7.0	-0.481081	0.403272	0.838642	8.0	0.0369064	0.316989	1.35985	9.0	0.103981	0.3178	1.07629	10.0	0.133988	0.376521	0.8525	11.0	0.141844	0.412208	0.815963	12.0	-0.157734	0.318585	0.87046	13.0	-0.187257	0.28866	0.517133	14.0	-0.154407	0.249978	0.158508	15.0	-0.169184	0.339134	0.0757732	16.0	-0.0242459	0.309531	0.87338	17.0	0.0605524	0.26186	0.513836	18.0	0.129412	0.202278	0.156982	19.0	0.134685	0.298341	0.0896422	20.0	-0.142682	0.294562	1.42444	21.0	-0.477797	0.398333	0.771524	22.0	-0.498077	0.443055	0.848073	23.0	0.132027	0.430394	0.790481	24.0	0.143168	0.445859	0.830604
40.564	0.0	-0.0727078	0.293349	0.870247	1.0	-0.110733	0.298669	1.18996	2.0	-0.154445	0.316263	1.50128	3.0	-0.13127	0.318216	1.62572	4.0	-0.314868	0.317251	1.35832	5.0	-0.416622	0.330996	1.1287	6.0	-0.456047	0.426292	0.915169	7.0	-0.473621	0.449398	0.849552	8.0	0.036368	0.334521	1.36134	9.0	0.103392	0.326944	1.07665	10.0	0.138234	0.385337	0.853657	11.0	0.136072	0.402724	0.849566	12.0	-0.157521	0.329687	0.870471	13.0	-0.187716	0.29243	0.516741	14.0	-0.15427	0.249906	0.159544	15.0	-0.169	0.339069	0.0760459	16.0	-0.025095	0.326294	0.873059	17.0	0.0577644	0.294902	0.517021	18.0	0.125956	0.261662	0.170745	19.0	0.130503	0.355133	0.0872816	20.0	-0.142455	0.30964	1.42464	21.0	-0.473316	0.444671	0.782425	22.0	-0.505349	0.481303	0.846237	23.0	0.139075	0.429151	0.789659	24.0	0.146295	0.448051	0.849067
40.597	0.0	-0.0706456	0.309739	0.868631	1.0	-0.109934	0.316698	1.1884	2.0	-0.15501	0.336092	1.49974	3.0	-0.128861	0.334696	1.62583	4.0	-0.312927	0.334215	1.35677	5.0	-0.410389	0.35568	1.13676	6.0	-0.444934	0.458674	0.92572	7.0	-0.463944	0.495371	0.857223	8.0	0.0388595	0.347824	1.35958	9.0	0.106141	0.334136	1.07548	10.0	0.141328	0.38642	0.851396	11.0	0.142396	0.401284	0.848456	12.0	-0.155192	0.346273	0.869186	13.0	-0.187375	0.300156	0.516047	14.0	-0.153509	0.249062	0.160325	15.0	-0.168506	0.339135	0.076211	16.0	-0.0234607	0.342032	0.87121	17.0	0.0614278	0.329472	0.505392	18.0	0.123627	0.317318	0.149464	19.0	0.121498	0.413898	0.0888019	20.0	-0.142667	0.329006	1.4231	21.0	-0.467096	0.503047	0.795718	22.0	-0.49292	0.520321	0.854918	23.0	0.148272	0.424661	0.784714	24.0	0.152468	0.437501	0.846208
40.63	0.0	-0.0707948	0.325549	0.869524	1.0	-0.108453	0.331252	1.18841	2.0	-0.151968	0.349486	1.49892	3.0	-0.126392	0.352765	1.62295	4.0	-0.309335	0.349886	1.35873	5.0	-0.403119	0.373796	1.13599	6.0	-0.431742	0.489334	0.930194	7.0	-0.446567	0.541031	0.861944	8.0	0.0400891	0.362939	1.359	9.0	0.110394	0.345269	1.07011	10.0	0.147739	0.388965	0.845087	11.0	0.157423	0.410399	0.801077	12.0	-0.155161	0.362766	0.869837	13.0	-0.18733	0.30591	0.513183	14.0	-0.15322	0.248855	0.1605	15.0	-0.167747	0.339308	0.0765263	16.0	-0.0239118	0.357102	0.872322	17.0	0.0637625	0.362741	0.494182	18.0	0.115724	0.376712	0.15035	19.0	0.107101	0.489607	0.0878797	20.0	-0.14001	0.342681	1.42249	21.0	-0.452673	0.549408	0.804826	22.0	-0.48224	0.571554	0.871445	23.0	0.159661	0.425602	0.777142	24.0	0.158725	0.450008	0.817524
40.664	0.0	-0.0687582	0.346283	0.870275	1.0	-0.107446	0.35247	1.18936	2.0	-0.151929	0.370834	1.49996	3.0	-0.123098	0.375651	1.6234	4.0	-0.304671	0.37028	1.35848	5.0	-0.393523	0.402159	1.13716	6.0	-0.407818	0.525283	0.934246	7.0	-0.428594	0.577122	0.865532	8.0	0.0426947	0.378156	1.36126	9.0	0.115549	0.359974	1.07122	10.0	0.15015	0.389882	0.84414	11.0	0.158242	0.408728	0.798089	12.0	-0.153219	0.385663	0.869968	13.0	-0.187546	0.311781	0.486798	14.0	-0.153	0.249262	0.160282	15.0	-0.167632	0.339974	0.0763711	16.0	-0.0220416	0.375624	0.873628	17.0	0.0575991	0.395606	0.512534	18.0	0.100525	0.425957	0.13933	19.0	0.0945097	0.528945	0.0887648	20.0	-0.139731	0.364037	1.42351	21.0	-0.429551	0.589876	0.806892	22.0	-0.462084	0.607778	0.876397	23.0	0.153398	0.416438	0.770464	24.0	0.144729	0.448071	0.818369
40.697	0.0	-0.0602346	0.369576	0.870743	1.0	-0.102026	0.371231	1.18893	2.0	-0.149	0.385744	1.49881	3.0	-0.120145	0.392591	1.62131	4.0	-0.301555	0.386126	1.35803	5.0	-0.386368	0.421299	1.13523	6.0	-0.395523	0.549473	0.935205	7.0	-0.405923	0.607385	0.871074	8.0	0.0477171	0.394959	1.3593	9.0	0.12486	0.379596	1.10823	10.0	0.144275	0.399553	0.878274	11.0	0.154543	0.413801	0.830775	12.0	-0.146253	0.407217	0.868767	13.0	-0.185277	0.315213	0.482183	14.0	-0.152842	0.25041	0.160433	15.0	-0.167426	0.34009	0.0762515	16.0	-0.0122715	0.400426	0.875958	17.0	0.064677	0.430607	0.476909	18.0	0.0916102	0.473912	0.151074	19.0	0.0780683	0.577685	0.0937282	20.0	-0.13623	0.379847	1.42253	21.0	-0.399897	0.621983	0.81688	22.0	-0.414664	0.647419	0.893593	23.0	0.155399	0.424692	0.767888	24.0	0.145644	0.443816	0.800068
40.73	0.0	-0.0556383	0.382127	0.871041	1.0	-0.0970556	0.388085	1.18849	2.0	-0.14422	0.406755	1.4973	3.0	-0.11604	0.412387	1.62055	4.0	-0.2938	0.410024	1.35647	5.0	-0.379447	0.442128	1.13589	6.0	-0.373128	0.58189	0.943633	7.0	-0.38069	0.634377	0.875591	8.0	0.0529013	0.412833	1.35883	9.0	0.126596	0.38691	1.10949	10.0	0.149467	0.403281	0.879988	11.0	0.160776	0.417274	0.823972	12.0	-0.14106	0.421284	0.868325	13.0	-0.183022	0.320916	0.483434	14.0	-0.151442	0.25186	0.16071	15.0	-0.167279	0.339686	0.0767457	16.0	-0.00851207	0.411297	0.876843	17.0	0.0602011	0.454084	0.475768	18.0	0.0821554	0.496942	0.152026	19.0	0.0697543	0.604845	0.0911472	20.0	-0.131343	0.399846	1.42131	21.0	-0.372184	0.655415	0.820503	22.0	-0.403946	0.663503	0.893629	23.0	0.158981	0.431716	0.767484	24.0	0.15193	0.455355	0.841806
40.764	0.0	-0.0506764	0.395387	0.868511	1.0	-0.0921772	0.405705	1.18545	2.0	-0.139761	0.428756	1.49383	3.0	-0.110844	0.436438	1.61612	4.0	-0.287944	0.42703	1.3557	5.0	-0.365527	0.468455	1.13345	6.0	-0.354333	0.601614	0.937427	7.0	-0.352694	0.662985	0.873499	8.0	0.0586774	0.431606	1.3543	9.0	0.133444	0.402683	1.11223	10.0	0.15753	0.416023	0.882999	11.0	0.16394	0.429236	0.822068	12.0	-0.135314	0.435051	0.865332	13.0	-0.178268	0.34262	0.492389	14.0	-0.151235	0.252374	0.16146	15.0	-0.166969	0.3395	0.0769638	16.0	-0.00458392	0.4238	0.874847	17.0	0.0566411	0.474332	0.483277	18.0	0.0719274	0.527402	0.153852	19.0	0.047281	0.637874	0.0933823	20.0	-0.126747	0.42075	1.41795	21.0	-0.339613	0.679002	0.819078	22.0	-0.380726	0.695902	0.87036	23.0	0.156351	0.442324	0.766468	24.0	0.17613	0.462801	0.810198
40.797	0.0	-0.0472427	0.409828	0.86687	1.0	-0.0870905	0.420798	1.18381	2.0	-0.132923	0.444033	1.49221	3.0	-0.105018	0.450071	1.61544	4.0	-0.279553	0.447643	1.35593	5.0	-0.358446	0.486028	1.13371	6.0	-0.335263	0.617185	0.937783	7.0	-0.328082	0.682738	0.873738	8.0	0.0627426	0.447741	1.35454	9.0	0.138343	0.422643	1.12163	10.0	0.16053	0.426535	0.88864	11.0	0.171134	0.439145	0.821153	12.0	-0.131995	0.447503	0.864125	13.0	-0.17677	0.347554	0.492095	14.0	-0.151318	0.254181	0.16242	15.0	-0.16384	0.341327	0.0777011	16.0	-0.00133627	0.440192	0.872805	17.0	0.0526125	0.498308	0.471134	18.0	0.0615347	0.547081	0.151763	19.0	0.0340722	0.667952	0.0847283	20.0	-0.120352	0.436018	1.41632	21.0	-0.310474	0.700163	0.818856	22.0	-0.355313	0.71423	0.865196	23.0	0.167574	0.445913	0.759103	24.0	0.175039	0.468006	0.813766
40.83	0.0	-0.0435659	0.429728	0.863776	1.0	-0.0812372	0.441787	1.18004	2.0	-0.124795	0.466082	1.4877	3.0	-0.0968177	0.470754	1.61169	4.0	-0.271151	0.469341	1.35407	5.0	-0.341285	0.518158	1.12941	6.0	-0.318455	0.631793	0.923748	7.0	-0.30507	0.701279	0.865324	8.0	0.0703861	0.466461	1.35347	9.0	0.153344	0.439694	1.08861	10.0	0.174631	0.461138	0.848871	11.0	0.176565	0.459691	0.807372	12.0	-0.128308	0.468184	0.860173	13.0	-0.174494	0.355647	0.486237	14.0	-0.14991	0.256011	0.163268	15.0	-0.164117	0.341063	0.0777383	16.0	0.00203074	0.458992	0.870668	17.0	0.0468265	0.516289	0.476096	18.0	0.0559262	0.555169	0.156565	19.0	0.0325947	0.667832	0.0852591	20.0	-0.112794	0.457813	1.41201	21.0	-0.284092	0.720208	0.812154	22.0	-0.328269	0.734959	0.862792	23.0	0.182405	0.459393	0.759126	24.0	0.18314	0.481698	0.81501
40.864	0.0	-0.0481296	0.454547	0.861072	1.0	-0.0797213	0.462179	1.17864	2.0	-0.118231	0.483634	1.48729	3.0	-0.089058	0.487077	1.61199	4.0	-0.264443	0.485191	1.35157	5.0	-0.333425	0.534054	1.12787	6.0	-0.298543	0.656587	0.929145	7.0	-0.285213	0.715352	0.859781	8.0	0.0837234	0.488842	1.34844	9.0	0.153751	0.455047	1.08829	10.0	0.174029	0.47436	0.850667	11.0	0.183415	0.473878	0.803716	12.0	-0.133397	0.491977	0.858782	13.0	-0.170993	0.372813	0.483164	14.0	-0.147461	0.25894	0.163969	15.0	-0.163981	0.340882	0.0776295	16.0	-0.00217946	0.484772	0.866737	17.0	0.0388978	0.533223	0.485879	18.0	0.0524413	0.559987	0.157247	19.0	0.0270071	0.671051	0.0823126	20.0	-0.107457	0.475939	1.41137	21.0	-0.263157	0.73559	0.807043	22.0	-0.282879	0.752492	0.881455	23.0	0.183316	0.475478	0.752107	24.0	0.194027	0.485236	0.794988
40.897	0.0	-0.0447672	0.477034	0.856579	1.0	-0.0727175	0.487122	1.17379	2.0	-0.107043	0.509083	1.48237	3.0	-0.0790121	0.510692	1.60802	4.0	-0.253537	0.512426	1.3467	5.0	-0.320466	0.557073	1.12194	6.0	-0.284276	0.680142	0.921597	7.0	-0.271213	0.725506	0.852211	8.0	0.0931649	0.511921	1.34128	9.0	0.160459	0.477232	1.08369	10.0	0.179982	0.496152	0.847466	11.0	0.186344	0.49505	0.797356	12.0	-0.130901	0.514409	0.854503	13.0	-0.16811	0.396992	0.478198	14.0	-0.146624	0.263317	0.163175	15.0	-0.164875	0.342244	0.0771834	16.0	0.00171742	0.507017	0.862222	17.0	0.0395596	0.548063	0.4877	18.0	0.0492464	0.565001	0.155969	19.0	0.0270684	0.671281	0.0809327	20.0	-0.0972951	0.501448	1.40645	21.0	-0.250215	0.751261	0.798397	22.0	-0.26604	0.765468	0.872552	23.0	0.184786	0.501901	0.754063	24.0	0.187412	0.508555	0.780216
40.93	0.0	-0.0351186	0.505752	0.857467	1.0	-0.0643662	0.508292	1.1753	2.0	-0.0999397	0.524007	1.4842	3.0	-0.070778	0.5295	1.60818	4.0	-0.252693	0.513399	1.347	5.0	-0.311303	0.570176	1.12224	6.0	-0.279288	0.685446	0.916023	7.0	-0.261167	0.731429	0.842452	8.0	0.100575	0.531599	1.34192	9.0	0.175043	0.491387	1.08307	10.0	0.185207	0.504869	0.845453	11.0	0.197551	0.513736	0.787444	12.0	-0.122253	0.541052	0.855922	13.0	-0.164806	0.429246	0.474503	14.0	-0.144356	0.268369	0.161026	15.0	-0.165012	0.34448	0.078396	16.0	0.0118776	0.537578	0.862554	17.0	0.0420938	0.565591	0.489203	18.0	0.0503559	0.57044	0.157179	19.0	0.0259796	0.67476	0.0791108	20.0	-0.0898781	0.517813	1.40822	21.0	-0.233468	0.751948	0.786766	22.0	-0.272722	0.770827	0.871639	23.0	0.19343	0.520381	0.748347	24.0	0.199041	0.519121	0.770312
40.964	0.0	-0.0313698	0.528966	0.858889	1.0	-0.0569763	0.531485	1.17713	2.0	-0.0890251	0.546049	1.48647	3.0	-0.0589335	0.549266	1.61176	4.0	-0.228072	0.560122	1.35247	5.0	-0.303055	0.587525	1.12582	6.0	-0.274714	0.690967	0.912516	7.0	-0.255627	0.722812	0.839931	8.0	0.109504	0.552499	1.34801	9.0	0.177801	0.528508	1.09081	10.0	0.186107	0.545649	0.85159	11.0	0.198619	0.540422	0.788815	12.0	-0.11739	0.5657	0.85775	13.0	-0.163802	0.462901	0.468004	14.0	-0.146654	0.278718	0.161366	15.0	-0.160278	0.360062	0.0794285	16.0	0.0142225	0.559119	0.863607	17.0	0.0471271	0.582374	0.488955	18.0	0.0512173	0.572419	0.15727	19.0	0.026104	0.67455	0.0787892	20.0	-0.079821	0.540246	1.41038	21.0	-0.23596	0.755336	0.782084	22.0	-0.276914	0.764581	0.875628	23.0	0.195195	0.542818	0.748833	24.0	0.195145	0.552304	0.776766
40.997	0.0	-0.0205976	0.557873	0.859637	1.0	-0.0471717	0.556323	1.17799	2.0	-0.080268	0.566907	1.48739	3.0	-0.047261	0.568347	1.61361	4.0	-0.226697	0.571012	1.35159	5.0	-0.298561	0.601348	1.12258	6.0	-0.269727	0.700028	0.906968	7.0	-0.25917	0.738354	0.840225	8.0	0.114078	0.577145	1.34851	9.0	0.175251	0.555024	1.09196	10.0	0.18339	0.570192	0.852307	11.0	0.199061	0.567664	0.791893	12.0	-0.106259	0.594555	0.859398	13.0	-0.162397	0.514272	0.462126	14.0	-0.148381	0.30628	0.153047	15.0	-0.164168	0.365703	0.0763658	16.0	0.0239996	0.587633	0.863461	17.0	0.0478345	0.591781	0.488334	18.0	0.0522284	0.574974	0.155616	19.0	0.0272167	0.67594	0.0771029	20.0	-0.0707901	0.562099	1.4113	21.0	-0.239928	0.754242	0.778134	22.0	-0.249856	0.777837	0.849752	23.0	0.194289	0.571411	0.751093	24.0	0.202913	0.583435	0.793951
41.03	0.0	-0.0140941	0.584587	0.863073	1.0	-0.0387553	0.580164	1.18085	2.0	-0.0701402	0.587926	1.48967	3.0	-0.0367247	0.590023	1.6158	4.0	-0.218436	0.593707	1.35116	5.0	-0.292574	0.617901	1.11957	6.0	-0.26633	0.714714	0.892356	7.0	-0.257694	0.737239	0.836432	8.0	0.119587	0.599503	1.34907	9.0	0.172093	0.58652	1.11041	10.0	0.202365	0.591601	0.882827	11.0	0.20434	0.596227	0.799218	12.0	-0.101002	0.623658	0.865769	13.0	-0.155294	0.576702	0.480007	14.0	-0.152148	0.327923	0.150999	15.0	-0.170605	0.382833	0.0732279	16.0	0.0312423	0.612086	0.864157	17.0	0.0511696	0.603856	0.485181	18.0	0.0522965	0.575786	0.155556	19.0	0.0276987	0.676036	0.0769471	20.0	-0.0610687	0.583822	1.41372	21.0	-0.23541	0.746006	0.766343	22.0	-0.234362	0.765971	0.843383	23.0	0.195119	0.605681	0.749027	24.0	0.207897	0.624377	0.790483
41.064	0.0	-0.00034698	0.618248	0.864645	1.0	-0.0283189	0.608112	1.18217	2.0	-0.062591	0.610258	1.49067	3.0	-0.0287764	0.612513	1.61693	4.0	-0.214057	0.616248	1.34943	5.0	-0.289922	0.631871	1.11179	6.0	-0.268557	0.717348	0.890906	7.0	-0.257867	0.736862	0.83599	8.0	0.128359	0.620459	1.34784	9.0	0.193799	0.598301	1.11826	10.0	0.203176	0.616177	0.879436	11.0	0.209911	0.624847	0.801717	12.0	-0.0886523	0.658715	0.869072	13.0	-0.156427	0.630693	0.49088	14.0	-0.154897	0.386312	0.169534	15.0	-0.172315	0.430656	0.0897553	16.0	0.0456134	0.643461	0.863817	17.0	0.0538419	0.612146	0.484732	18.0	0.0527727	0.576835	0.155345	19.0	0.0273528	0.675952	0.0772297	20.0	-0.0528312	0.60755	1.41481	21.0	-0.244304	0.747543	0.759762	22.0	-0.22601	0.757469	0.844396	23.0	0.20018	0.632183	0.747725	24.0	0.191666	0.664748	0.829085
41.097	0.0	0.00141304	0.635896	0.866434	1.0	-0.0239375	0.627377	1.18334	2.0	-0.0556024	0.630872	1.49106	3.0	-0.0192291	0.635724	1.61622	4.0	-0.209248	0.635875	1.3496	5.0	-0.288144	0.643148	1.10583	6.0	-0.274678	0.724233	0.880055	7.0	-0.265129	0.737684	0.829772	8.0	0.133937	0.644253	1.34382	9.0	0.199496	0.612542	1.11253	10.0	0.209209	0.644235	0.866264	11.0	0.218465	0.658758	0.805314	12.0	-0.0874184	0.674644	0.871339	13.0	-0.156864	0.66481	0.486317	14.0	-0.150373	0.438805	0.156172	15.0	-0.167342	0.508378	0.084011	16.0	0.0477548	0.662804	0.864975	17.0	0.0545437	0.622346	0.479705	18.0	0.0528242	0.581326	0.148503	19.0	0.028411	0.676195	0.0753629	20.0	-0.0464823	0.627871	1.41541	21.0	-0.254954	0.745137	0.752935	22.0	-0.22603	0.757029	0.834087	23.0	0.208031	0.681235	0.744393	24.0	0.207747	0.710214	0.823677
41.13	0.0	0.00411492	0.653817	0.863358	1.0	-0.0197628	0.647288	1.18216	2.0	-0.0501491	0.652743	1.49196	3.0	-0.0132234	0.655433	1.61827	4.0	-0.206572	0.653632	1.34807	5.0	-0.286585	0.654075	1.102	6.0	-0.278442	0.727003	0.872241	7.0	-0.278914	0.737963	0.820648	8.0	0.137771	0.667339	1.33964	9.0	0.199652	0.656081	1.04616	10.0	0.216985	0.682587	0.817816	11.0	0.224702	0.691237	0.808101	12.0	-0.0840503	0.688571	0.8687	13.0	-0.161884	0.707555	0.480729	14.0	-0.150927	0.504047	0.149667	15.0	-0.173207	0.582599	0.0828022	16.0	0.0492661	0.684987	0.861546	17.0	0.0564929	0.637102	0.472245	18.0	0.0532436	0.582671	0.148965	19.0	0.0287119	0.677233	0.0746025	20.0	-0.0413262	0.649255	1.41578	21.0	-0.275834	0.742148	0.752408	22.0	-0.234564	0.754989	0.817451	23.0	0.226593	0.707229	0.749201	24.0	0.209617	0.748698	0.829131
41.164	0.0	0.00315799	0.671631	0.861138	1.0	-0.0189314	0.668625	1.18116	2.0	-0.0475348	0.67775	1.49219	3.0	-0.0116257	0.685585	1.61637	4.0	-0.20608	0.675706	1.34596	5.0	-0.288096	0.667421	1.09638	6.0	-0.285368	0.729496	0.871465	7.0	-0.293328	0.740532	0.815767	8.0	0.141639	0.691076	1.3377	9.0	0.198125	0.673257	1.04704	10.0	0.226863	0.717784	0.822198	11.0	0.228199	0.734092	0.810683	12.0	-0.0848259	0.707148	0.866792	13.0	-0.159871	0.757848	0.483748	14.0	-0.143996	0.592677	0.142191	15.0	-0.170506	0.666655	0.0737203	16.0	0.0481109	0.701243	0.859174	17.0	0.0585218	0.651209	0.465246	18.0	0.0517956	0.58513	0.144582	19.0	0.0298938	0.673736	0.0711867	20.0	-0.0391496	0.673344	1.41571	21.0	-0.279655	0.752564	0.741336	22.0	-0.251	0.741565	0.831986	23.0	0.224037	0.759327	0.753435	24.0	0.208056	0.783172	0.83944
41.197	0.0	0.000445825	0.686577	0.86013	1.0	-0.0193421	0.68713	1.17917	2.0	-0.0455401	0.699947	1.48884	3.0	-0.0106961	0.70744	1.61335	4.0	-0.208974	0.697568	1.34364	5.0	-0.290633	0.678138	1.09365	6.0	-0.291073	0.732256	0.866963	7.0	-0.307873	0.743192	0.817733	8.0	0.144551	0.716793	1.33501	9.0	0.192084	0.709398	1.05394	10.0	0.231034	0.760102	0.831992	11.0	0.227869	0.77837	0.818181	12.0	-0.0879563	0.722693	0.865905	13.0	-0.159383	0.792592	0.482881	14.0	-0.137736	0.683149	0.145076	15.0	-0.164804	0.77111	0.0706471	16.0	0.0457024	0.715566	0.858067	17.0	0.064597	0.665544	0.44864	18.0	0.0456839	0.589966	0.134054	19.0	0.0127149	0.682993	0.0680095	20.0	-0.0377586	0.694613	1.41273	21.0	-0.299602	0.744027	0.741294	22.0	-0.261883	0.744564	0.822584	23.0	0.224652	0.804501	0.761683	24.0	0.214455	0.823114	0.826335
41.23	0.0	-0.000836209	0.697586	0.85906	1.0	-0.0200567	0.706861	1.17717	2.0	-0.0458491	0.729894	1.48573	3.0	-0.011368	0.732679	1.61261	4.0	-0.21122	0.721065	1.34066	5.0	-0.292571	0.688012	1.09252	6.0	-0.305232	0.738253	0.865157	7.0	-0.326509	0.746528	0.820376	8.0	0.144854	0.736993	1.33868	9.0	0.193476	0.7347	1.05423	10.0	0.226727	0.796007	0.833336	11.0	0.229649	0.83135	0.797649	12.0	-0.0878094	0.731749	0.864927	13.0	-0.149833	0.83926	0.504129	14.0	-0.134937	0.776314	0.141491	15.0	-0.174681	0.866509	0.0722306	16.0	0.042585	0.728776	0.856927	17.0	0.0757769	0.675152	0.430349	18.0	0.0262886	0.649202	0.0856692	19.0	-0.0170611	0.752242	0.0487534	20.0	-0.0381273	0.721895	1.40991	21.0	-0.318976	0.744212	0.743574	22.0	-0.311809	0.783333	0.818253	23.0	0.229616	0.860324	0.770695	24.0	0.215489	0.869797	0.83097
41.264	0.0	-0.00565415	0.730928	0.857471	1.0	-0.0227066	0.736662	1.17498	2.0	-0.0470316	0.753274	1.48331	3.0	-0.0131496	0.75789	1.60954	4.0	-0.214756	0.739534	1.33911	5.0	-0.295218	0.702219	1.08919	6.0	-0.322788	0.744218	0.861467	7.0	-0.341309	0.753394	0.81799	8.0	0.143062	0.766792	1.33632	9.0	0.193755	0.761173	1.0533	10.0	0.217712	0.844857	0.837269	11.0	0.225922	0.877106	0.800723	12.0	-0.0920631	0.761869	0.862972	13.0	-0.150143	0.856005	0.498045	14.0	-0.134195	0.859739	0.138881	15.0	-0.170456	0.966725	0.0734201	16.0	0.037168	0.764611	0.855844	17.0	0.0855898	0.709977	0.466869	18.0	0.0220816	0.690698	0.123631	19.0	0.0219335	0.77654	0.0503024	20.0	-0.0396183	0.74706	1.40752	21.0	-0.34027	0.748375	0.744176	22.0	-0.327576	0.799491	0.812947	23.0	0.212276	0.901416	0.76849	24.0	0.224796	0.916641	0.822219
41.297	0.0	-0.00711617	0.748775	0.856241	1.0	-0.0252323	0.760201	1.17306	2.0	-0.0509988	0.784191	1.48037	3.0	-0.0181877	0.789218	1.60662	4.0	-0.217175	0.767711	1.33487	5.0	-0.300249	0.722074	1.08673	6.0	-0.336522	0.747781	0.858363	7.0	-0.357055	0.756992	0.813327	8.0	0.141495	0.793485	1.3326	9.0	0.192902	0.79796	1.06332	10.0	0.212173	0.884573	0.847654	11.0	0.214939	0.923615	0.810254	12.0	-0.0943613	0.781351	0.864111	13.0	-0.152508	0.907915	0.487341	14.0	-0.136723	0.948097	0.14216	15.0	-0.167557	1.06192	0.0745922	16.0	0.036288	0.781188	0.852421	17.0	0.0732452	0.754662	0.54017	18.0	0.0590724	0.684948	0.17633	19.0	0.0585067	0.770764	0.102272	20.0	-0.0431958	0.776054	1.40487	21.0	-0.351228	0.751369	0.738154	22.0	-0.347468	0.799612	0.816257	23.0	0.20919	0.94919	0.778982	24.0	0.216934	0.960808	0.829018
41.33	0.0	-0.0217446	0.786522	0.851368	1.0	-0.0363564	0.791851	1.16881	2.0	-0.0586636	0.808657	1.47683	3.0	-0.0238481	0.814076	1.60299	4.0	-0.222724	0.791639	1.33132	5.0	-0.309706	0.744259	1.08464	6.0	-0.354361	0.759533	0.857127	7.0	-0.370425	0.765825	0.810141	8.0	0.134003	0.827206	1.32863	9.0	0.190741	0.825204	1.06605	10.0	0.20391	0.920153	0.852902	11.0	0.206639	0.96957	0.812302	12.0	-0.110239	0.815791	0.860767	13.0	-0.150549	0.930117	0.545073	14.0	-0.14559	1.01421	0.129493	15.0	-0.165011	1.12861	0.0840099	16.0	0.0229613	0.821666	0.846	17.0	0.0841955	0.77723	0.544241	18.0	0.044734	0.617993	0.160569	19.0	0.0161564	0.744035	0.124701	20.0	-0.0517039	0.802369	1.40115	21.0	-0.369568	0.75359	0.736445	22.0	-0.354482	0.799643	0.801191	23.0	0.205456	1.00351	0.781172	24.0	0.196178	1.00442	0.839046
41.364	0.0	-0.0252415	0.81153	0.849876	1.0	-0.04177	0.818621	1.1651	2.0	-0.0660079	0.83735	1.4706	3.0	-0.0300358	0.841486	1.59741	4.0	-0.231499	0.819431	1.32581	5.0	-0.318592	0.762769	1.08552	6.0	-0.366499	0.770131	0.858593	7.0	-0.384772	0.774603	0.803224	8.0	0.128916	0.858616	1.32509	9.0	0.182732	0.866242	1.06436	10.0	0.191195	0.969744	0.854496	11.0	0.194788	1.01018	0.813798	12.0	-0.113756	0.840615	0.86039	13.0	-0.144979	0.958162	0.545135	14.0	-0.143915	1.06035	0.160682	15.0	-0.159213	1.18469	0.0961058	16.0	0.0190968	0.846739	0.843491	17.0	0.0778508	0.792741	0.543858	18.0	0.0405993	0.622707	0.165045	19.0	0.0111523	0.748577	0.128943	20.0	-0.0585828	0.830632	1.39557	21.0	-0.38504	0.758746	0.732734	22.0	-0.373495	0.815062	0.800505	23.0	0.190469	1.03525	0.777207	24.0	0.205374	1.04765	0.80805
41.397	0.0	-0.0403986	0.856463	0.843753	1.0	-0.0540709	0.854599	1.15928	2.0	-0.0755161	0.86501	1.46527	3.0	-0.0422139	0.868499	1.59253	4.0	-0.239012	0.845865	1.31919	5.0	-0.325913	0.786999	1.08213	6.0	-0.382372	0.786192	0.857277	7.0	-0.39793	0.78715	0.791124	8.0	0.117589	0.890808	1.32151	9.0	0.172889	0.89936	1.063	10.0	0.18558	0.99508	0.850223	11.0	0.180844	1.04976	0.811369	12.0	-0.128145	0.879749	0.855741	13.0	-0.154485	0.992926	0.53933	14.0	-0.148696	1.08965	0.126134	15.0	-0.158592	1.20142	0.085505	16.0	0.0033907	0.895799	0.836303	17.0	0.0942474	0.826239	0.553558	18.0	0.0563488	0.641859	0.181917	19.0	0.0248724	0.767812	0.146469	20.0	-0.0687679	0.86027	1.39011	21.0	-0.399008	0.778302	0.720469	22.0	-0.41818	0.827233	0.806114	23.0	0.176248	1.06729	0.772489	24.0	0.185998	1.08423	0.834138
41.43	0.0	-0.023755	0.877852	0.837277	1.0	-0.0511583	0.8751	1.15469	2.0	-0.0852483	0.889539	1.46126	3.0	-0.0517662	0.889495	1.59011	4.0	-0.247499	0.865999	1.31304	5.0	-0.33582	0.814634	1.07361	6.0	-0.394052	0.803871	0.849985	7.0	-0.409763	0.805271	0.781999	8.0	0.109272	0.916709	1.31862	9.0	0.16351	0.935226	1.06017	10.0	0.171907	1.03907	0.850579	11.0	0.167592	1.08437	0.806466	12.0	-0.108183	0.903738	0.846288	13.0	-0.160449	1.02271	0.532841	14.0	-0.154374	1.11159	0.118147	15.0	-0.156224	1.21689	0.0775297	16.0	0.0164769	0.91578	0.832397	17.0	0.1053	0.839453	0.551606	18.0	0.0649177	0.648771	0.183535	19.0	0.0317626	0.774284	0.147726	20.0	-0.0749804	0.883376	1.38602	21.0	-0.402333	0.791257	0.709651	22.0	-0.44458	0.804304	0.768183	23.0	0.159939	1.10986	0.766587	24.0	0.171791	1.11831	0.82958
41.464	0.0	-0.0286944	0.912858	0.835878	1.0	-0.0603014	0.910525	1.15252	2.0	-0.0978395	0.9174	1.4594	3.0	-0.0668472	0.919015	1.58777	4.0	-0.258081	0.889915	1.30964	5.0	-0.339468	0.836133	1.07218	6.0	-0.407971	0.832671	0.836711	7.0	-0.420036	0.830021	0.774619	8.0	0.0963774	0.95168	1.31347	9.0	0.153552	0.972587	1.06437	10.0	0.166053	1.05771	0.847682	11.0	0.152933	1.1176	0.806061	12.0	-0.117268	0.937177	0.842496	13.0	-0.158086	1.06388	0.530403	14.0	-0.151688	1.12005	0.111033	15.0	-0.154664	1.22173	0.0739881	16.0	0.014504	0.952257	0.833933	17.0	0.110638	0.886819	0.552028	18.0	0.0745505	0.675707	0.195581	19.0	0.038114	0.800718	0.159895	20.0	-0.0872802	0.913834	1.38403	21.0	-0.417686	0.822001	0.702205	22.0	-0.452929	0.830118	0.775165	23.0	0.147291	1.13933	0.768109	24.0	0.133541	1.14266	0.842646
41.497	0.0	-0.0418505	0.952381	0.843841	1.0	-0.0706157	0.938228	1.15772	2.0	-0.107185	0.938713	1.46253	3.0	-0.0777725	0.942601	1.59016	4.0	-0.267606	0.913033	1.31037	5.0	-0.345562	0.870712	1.06722	6.0	-0.411694	0.853991	0.841738	7.0	-0.426845	0.856506	0.772722	8.0	0.080506	0.985103	1.318	9.0	0.142013	1.00335	1.06588	10.0	0.149923	1.09933	0.85298	11.0	0.14137	1.14481	0.805203	12.0	-0.132196	0.970899	0.846969	13.0	-0.152773	1.09358	0.514213	14.0	-0.145895	1.11934	0.133007	15.0	-0.151051	1.21981	0.0727315	16.0	0.00296323	0.997328	0.845645	17.0	0.0959576	0.907107	0.572567	18.0	0.0637418	0.687008	0.221527	19.0	0.0240386	0.811857	0.186321	20.0	-0.0967048	0.93635	1.38764	21.0	-0.424637	0.844854	0.703765	22.0	-0.460033	0.86187	0.778919	23.0	0.137169	1.1657	0.767186	24.0	0.143101	1.1738	0.827014
41.53	0.0	-0.0474643	0.975247	0.847603	1.0	-0.0791147	0.965696	1.1631	2.0	-0.117729	0.966644	1.46842	3.0	-0.0881311	0.968193	1.59743	4.0	-0.278361	0.940077	1.31584	5.0	-0.352893	0.900342	1.0747	6.0	-0.417483	0.900534	0.85194	7.0	-0.431238	0.892549	0.775191	8.0	0.0720131	1.00995	1.32558	9.0	0.134581	1.03542	1.07399	10.0	0.142132	1.10969	0.853478	11.0	0.131086	1.1613	0.808241	12.0	-0.138426	0.997911	0.853156	13.0	-0.15246	1.09998	0.514474	14.0	-0.143274	1.12759	0.132325	15.0	-0.149264	1.22034	0.0702705	16.0	-0.00240899	1.0158	0.847009	17.0	0.0850267	0.957439	0.558659	18.0	0.0631049	0.720547	0.218898	19.0	0.0239337	0.845246	0.183579	20.0	-0.106797	0.964439	1.39351	21.0	-0.430371	0.886003	0.706947	22.0	-0.463644	0.886402	0.764999	23.0	0.120978	1.18137	0.768189	24.0	0.143234	1.18789	0.822462
41.564	0.0	-0.0546288	1.00238	0.856046	1.0	-0.0876457	0.989339	1.17163	2.0	-0.128005	0.988747	1.47724	3.0	-0.10041	0.993718	1.60512	4.0	-0.287803	0.966357	1.3256	5.0	-0.356331	0.928662	1.08131	6.0	-0.425209	0.931872	0.841773	7.0	-0.434136	0.933204	0.78558	8.0	0.0658698	1.03323	1.33547	9.0	0.1283	1.06082	1.08328	10.0	0.127915	1.13641	0.862771	11.0	0.12263	1.17627	0.812659	12.0	-0.144741	1.02155	0.858797	13.0	-0.154762	1.10989	0.516241	14.0	-0.143181	1.13056	0.132566	15.0	-0.148166	1.22109	0.0689151	16.0	-0.0108138	1.04586	0.857855	17.0	0.0664347	0.978615	0.568456	18.0	0.0440184	0.72985	0.237689	19.0	0.00587624	0.854926	0.202386	20.0	-0.116592	0.986795	1.40224	21.0	-0.431331	0.921164	0.719211	22.0	-0.466043	0.928898	0.776774	23.0	0.114084	1.19961	0.772692	24.0	0.128156	1.20132	0.836107
41.597	0.0	-0.0617226	1.0258	0.861232	1.0	-0.0953162	1.01403	1.17856	2.0	-0.136025	1.0137	1.48544	3.0	-0.104329	1.01167	1.61669	4.0	-0.294964	0.989253	1.33089	5.0	-0.362897	0.961564	1.08032	6.0	-0.431031	0.978815	0.858366	7.0	-0.438088	0.977466	0.787369	8.0	0.0572269	1.05715	1.34343	9.0	0.124714	1.07814	1.08769	10.0	0.127136	1.14682	0.865353	11.0	0.116035	1.18972	0.815918	12.0	-0.15355	1.04988	0.864853	13.0	-0.159548	1.1182	0.514507	14.0	-0.143446	1.13046	0.132336	15.0	-0.146314	1.22225	0.0661342	16.0	-0.0165711	1.06461	0.861906	17.0	0.0666493	0.991352	0.557987	18.0	0.0395093	0.729929	0.237848	19.0	0.0010224	0.854913	0.202462	20.0	-0.124546	1.01176	1.41018	21.0	-0.427651	0.969913	0.719552	22.0	-0.458065	0.996501	0.7419	23.0	0.107668	1.2006	0.776766	24.0	0.119432	1.22284	0.838799
41.63	0.0	-0.0669328	1.0505	0.863074	1.0	-0.10158	1.03804	1.18205	2.0	-0.143511	1.03753	1.49046	3.0	-0.113497	1.03482	1.62226	4.0	-0.302118	1.022	1.33635	5.0	-0.373528	0.996859	1.0801	6.0	-0.441294	1.02196	0.858403	7.0	-0.44548	1.02605	0.801671	8.0	0.0516428	1.07655	1.34762	9.0	0.12116	1.09957	1.09447	10.0	0.126474	1.15886	0.869976	11.0	0.110679	1.20428	0.823183	12.0	-0.158029	1.07305	0.867169	13.0	-0.163143	1.12244	0.513419	14.0	-0.145918	1.1308	0.133222	15.0	-0.14626	1.22198	0.065989	16.0	-0.0226538	1.09005	0.863073	17.0	0.0678516	0.998853	0.550776	18.0	0.0426958	0.738901	0.229322	19.0	0.00782596	0.86444	0.194134	20.0	-0.131712	1.0356	1.41483	21.0	-0.437095	1.02292	0.724428	22.0	-0.439739	1.06874	0.806287	23.0	0.099083	1.21516	0.781266	24.0	0.114192	1.23459	0.841813
41.664	0.0	-0.0673648	1.0639	0.862559	1.0	-0.104206	1.05337	1.18356	2.0	-0.148732	1.05508	1.4942	3.0	-0.118445	1.0553	1.62517	4.0	-0.309454	1.05194	1.33836	5.0	-0.385089	1.03348	1.08516	6.0	-0.445304	1.06151	0.861685	7.0	-0.45332	1.07218	0.805242	8.0	0.0502305	1.09313	1.34945	9.0	0.121505	1.11526	1.10137	10.0	0.126258	1.17592	0.877179	11.0	0.113451	1.21646	0.826201	12.0	-0.15721	1.09081	0.866453	13.0	-0.167656	1.12801	0.513812	14.0	-0.150634	1.12876	0.137768	15.0	-0.146205	1.22227	0.0658079	16.0	-0.0241708	1.0998	0.86275	17.0	0.0680562	1.01305	0.539653	18.0	0.105938	0.888368	0.264348	19.0	0.0733696	1.01324	0.228873	20.0	-0.136245	1.05258	1.418	21.0	-0.439026	1.06417	0.728844	22.0	-0.438382	1.10904	0.802491	23.0	0.101543	1.22182	0.782757	24.0	0.120008	1.25108	0.842087
41.697	0.0	-0.0659794	1.0827	0.860437	1.0	-0.106047	1.07555	1.18453	2.0	-0.154168	1.08095	1.49843	3.0	-0.12314	1.07966	1.63032	4.0	-0.313955	1.07281	1.33846	5.0	-0.392371	1.06376	1.0881	6.0	-0.451819	1.11216	0.867001	7.0	-0.461602	1.11931	0.801656	8.0	0.0434781	1.11439	1.35256	9.0	0.122145	1.12768	1.10324	10.0	0.126669	1.18218	0.877753	11.0	0.120544	1.22772	0.826294	12.0	-0.154793	1.10886	0.863941	13.0	-0.172494	1.13434	0.51173	14.0	-0.150867	1.12869	0.137956	15.0	-0.145998	1.22272	0.0652716	16.0	-0.0243757	1.11832	0.861177	17.0	0.0706475	1.02799	0.523088	18.0	0.106576	0.884193	0.134453	19.0	0.128891	0.941672	0.0726771	20.0	-0.140751	1.07751	1.42141	21.0	-0.466368	1.12108	0.740905	22.0	-0.448199	1.15728	0.803957	23.0	0.114878	1.23834	0.781678	24.0	0.12961	1.26073	0.843632
41.73	0.0	-0.0723381	1.10947	0.858186	1.0	-0.112952	1.10001	1.18412	2.0	-0.160904	1.10212	1.49905	3.0	-0.129463	1.09811	1.63214	4.0	-0.317396	1.10617	1.34026	5.0	-0.402257	1.10181	1.09347	6.0	-0.454278	1.15544	0.871643	7.0	-0.469542	1.16989	0.818938	8.0	0.0394607	1.13159	1.35729	9.0	0.118754	1.14311	1.10894	10.0	0.126374	1.19153	0.882541	11.0	0.12927	1.23207	0.827221	12.0	-0.161206	1.13543	0.861172	13.0	-0.175042	1.1399	0.510649	14.0	-0.151008	1.12906	0.137977	15.0	-0.146078	1.22257	0.0652416	16.0	-0.0310639	1.14515	0.859539	17.0	0.0755292	1.04244	0.486197	18.0	0.114588	0.898781	0.127106	19.0	0.134802	0.980691	0.0765899	20.0	-0.147594	1.09957	1.42186	21.0	-0.4746	1.18017	0.744857	22.0	-0.462741	1.21222	0.813502	23.0	0.119376	1.25039	0.779317	24.0	0.142756	1.26696	0.832493
41.764	0.0	-0.0698751	1.11874	0.856222	1.0	-0.112893	1.11364	1.18337	2.0	-0.164414	1.12213	1.49997	3.0	-0.132022	1.12227	1.63179	4.0	-0.318345	1.12543	1.34012	5.0	-0.410755	1.13075	1.09882	6.0	-0.460991	1.20625	0.882101	7.0	-0.474624	1.22064	0.820597	8.0	0.0356868	1.14894	1.35726	9.0	0.119537	1.15337	1.10536	10.0	0.131617	1.20212	0.87946	11.0	0.137756	1.2353	0.824379	12.0	-0.157598	1.14675	0.859688	13.0	-0.176583	1.14769	0.504421	14.0	-0.150868	1.1294	0.138597	15.0	-0.146211	1.22293	0.0653297	16.0	-0.0297354	1.15248	0.85728	17.0	0.0776944	1.05508	0.472775	18.0	0.13205	0.944544	0.115365	19.0	0.150542	1.03226	0.0710905	20.0	-0.150079	1.11781	1.42232	21.0	-0.48481	1.22899	0.751603	22.0	-0.458488	1.26475	0.809856	23.0	0.128339	1.25648	0.781502	24.0	0.113554	1.27324	0.857374
41.797	0.0	-0.069149	1.13858	0.852279	1.0	-0.115098	1.13567	1.18177	2.0	-0.168984	1.14445	1.50042	3.0	-0.134673	1.1446	1.63246	4.0	-0.320589	1.14929	1.34013	5.0	-0.417026	1.16847	1.1061	6.0	-0.460403	1.25	0.889981	7.0	-0.475435	1.27492	0.819185	8.0	0.0323987	1.16729	1.35653	9.0	0.120965	1.16536	1.10079	10.0	0.137445	1.21209	0.87507	11.0	0.142332	1.23248	0.837966	12.0	-0.156435	1.16711	0.856833	13.0	-0.177624	1.15849	0.500722	14.0	-0.151067	1.13086	0.137799	15.0	-0.146505	1.22317	0.0654078	16.0	-0.0298926	1.17126	0.85239	17.0	0.0836811	1.09018	0.46998	18.0	0.147156	1.00682	0.127745	19.0	0.161192	1.0877	0.0707703	20.0	-0.154152	1.14027	1.42231	21.0	-0.478902	1.28986	0.751249	22.0	-0.447925	1.29984	0.820756	23.0	0.135868	1.25492	0.777126	24.0	0.152944	1.27285	0.845267
41.83	0.0	-0.0687758	1.15046	0.849665	1.0	-0.116551	1.15087	1.18068	2.0	-0.172547	1.16387	1.50094	3.0	-0.138421	1.1665	1.63224	4.0	-0.322242	1.17237	1.34022	5.0	-0.421489	1.1935	1.10675	6.0	-0.455541	1.29295	0.89605	7.0	-0.4726	1.32408	0.819706	8.0	0.0298411	1.18318	1.35588	9.0	0.117847	1.1787	1.10046	10.0	0.141487	1.21724	0.874499	11.0	0.146512	1.23492	0.838885	12.0	-0.155049	1.17978	0.853925	13.0	-0.179356	1.16715	0.491562	14.0	-0.150933	1.13113	0.13783	15.0	-0.146576	1.22297	0.0654291	16.0	-0.0306971	1.18228	0.850095	17.0	0.0869569	1.12738	0.475526	18.0	0.161404	1.06867	0.123332	19.0	0.162706	1.15247	0.069713	20.0	-0.157149	1.15853	1.42243	21.0	-0.479577	1.33782	0.755957	22.0	-0.437416	1.34268	0.819852	23.0	0.143063	1.25591	0.776962	24.0	0.162128	1.27647	0.832073
41.864	0.0	-0.0668412	1.17056	0.848399	1.0	-0.116453	1.1725	1.17965	2.0	-0.174011	1.1861	1.49975	3.0	-0.139489	1.18936	1.631	4.0	-0.320961	1.19028	1.34256	5.0	-0.417054	1.22255	1.11033	6.0	-0.454188	1.3373	0.903193	7.0	-0.470756	1.37176	0.825406	8.0	0.0293571	1.19888	1.35732	9.0	0.122011	1.20105	1.06532	10.0	0.149504	1.22099	0.8385	11.0	0.150153	1.23675	0.836023	12.0	-0.152517	1.20307	0.851502	13.0	-0.179385	1.17372	0.491677	14.0	-0.150526	1.13161	0.137651	15.0	-0.146682	1.22291	0.0653948	16.0	-0.0297031	1.19903	0.849882	17.0	0.0898147	1.16709	0.482515	18.0	0.16193	1.12584	0.126715	19.0	0.169853	1.21192	0.0725198	20.0	-0.158251	1.18071	1.42132	21.0	-0.470349	1.39038	0.764914	22.0	-0.45595	1.40922	0.832323	23.0	0.143659	1.25789	0.774056	24.0	0.127215	1.284	0.853484
41.897	0.0	-0.0568878	1.19692	0.849732	1.0	-0.113166	1.19497	1.18011	2.0	-0.176103	1.20628	1.4993	3.0	-0.139875	1.20861	1.6311	4.0	-0.318889	1.21458	1.34427	5.0	-0.415231	1.25309	1.11625	6.0	-0.447767	1.36767	0.911197	7.0	-0.461572	1.41355	0.833355	8.0	0.0306954	1.21333	1.35743	9.0	0.121894	1.207	1.06629	10.0	0.153398	1.23036	0.840318	11.0	0.153804	1.24219	0.83708	12.0	-0.142374	1.23073	0.851446	13.0	-0.18033	1.18128	0.493313	14.0	-0.150612	1.13257	0.138341	15.0	-0.147087	1.22268	0.0666452	16.0	-0.020721	1.2233	0.852607	17.0	0.0932328	1.20509	0.484079	18.0	0.167832	1.19228	0.13211	19.0	0.160135	1.27517	0.0763023	20.0	-0.15906	1.20132	1.4211	21.0	-0.461026	1.43367	0.772232	22.0	-0.440898	1.4433	0.832507	23.0	0.146695	1.26069	0.777626	24.0	0.169343	1.27772	0.834705
41.93	0.0	-0.0457912	1.215	0.851475	1.0	-0.10796	1.21609	1.1802	2.0	-0.177755	1.23087	1.49747	3.0	-0.139556	1.23326	1.62941	4.0	-0.317933	1.2359	1.34467	5.0	-0.41383	1.28277	1.12068	6.0	-0.440223	1.40306	0.91915	7.0	-0.447853	1.45298	0.840389	8.0	0.0296388	1.2351	1.35525	9.0	0.121803	1.22351	1.07654	10.0	0.15362	1.24389	0.85042	11.0	0.161447	1.255	0.817726	12.0	-0.132767	1.24656	0.850917	13.0	-0.179938	1.1909	0.496222	14.0	-0.150589	1.13322	0.138151	15.0	-0.146944	1.22236	0.0667785	16.0	-0.00845956	1.24355	0.856989	17.0	0.0984788	1.23967	0.480544	18.0	0.165744	1.25037	0.13299	19.0	0.163336	1.33108	0.0776272	20.0	-0.158877	1.22498	1.4198	21.0	-0.445543	1.47525	0.781227	22.0	-0.421871	1.48342	0.840217	23.0	0.158074	1.26383	0.774355	24.0	0.165022	1.27969	0.789529
41.964	0.0	-0.0346423	1.24418	0.855875	1.0	-0.103057	1.24035	1.18112	2.0	-0.17784	1.2494	1.4957	3.0	-0.140807	1.25123	1.62807	4.0	-0.318377	1.25729	1.34227	5.0	-0.41056	1.31322	1.12266	6.0	-0.426064	1.44243	0.916618	7.0	-0.43285	1.49375	0.842498	8.0	0.0284204	1.25339	1.35326	9.0	0.132367	1.23087	1.08726	10.0	0.157982	1.24227	0.859852	11.0	0.164151	1.25956	0.832147	12.0	-0.124565	1.27585	0.852099	13.0	-0.178895	1.20211	0.495682	14.0	-0.150728	1.13421	0.138676	15.0	-0.127917	1.22117	0.0659479	16.0	0.00487332	1.2719	0.864367	17.0	0.104245	1.2824	0.462664	18.0	0.162866	1.31255	0.115544	19.0	0.139867	1.43361	0.0828667	20.0	-0.157887	1.24499	1.41862	21.0	-0.42676	1.52017	0.786788	22.0	-0.421312	1.53138	0.858752	23.0	0.1732	1.26796	0.778274	24.0	0.185227	1.26981	0.814639
41.997	0.0	-0.0389249	1.25548	0.856988	1.0	-0.104484	1.25647	1.18155	2.0	-0.176348	1.27085	1.49473	3.0	-0.141233	1.27431	1.6267	4.0	-0.318901	1.28182	1.34112	5.0	-0.406338	1.33857	1.12448	6.0	-0.41307	1.47657	0.919581	7.0	-0.415092	1.52969	0.845788	8.0	0.0302593	1.26821	1.35477	9.0	0.120564	1.26811	1.11985	10.0	-0.0992883	1.40769	0.961124	11.0	-0.102047	1.39668	0.912998	12.0	-0.128607	1.28769	0.853243	13.0	-0.178491	1.21324	0.4986	14.0	-0.150411	1.13528	0.138979	15.0	-0.134815	1.22265	0.0655058	16.0	0.000197793	1.28243	0.865354	17.0	0.0906974	1.31882	0.502082	18.0	0.158551	1.36738	0.115906	19.0	0.156918	1.45872	0.0732013	20.0	-0.15713	1.26516	1.41808	21.0	-0.408448	1.55611	0.790574	22.0	-0.40921	1.57107	0.857283	23.0	-0.10258	1.40523	0.861099	24.0	-0.0332646	1.40945	0.868681
42.03	0.0	-0.0491213	1.27636	0.857827	1.0	-0.10765	1.27763	1.18097	2.0	-0.174	1.29201	1.4927	3.0	-0.138452	1.29381	1.6255	4.0	-0.315679	1.30222	1.33864	5.0	-0.398844	1.36512	1.12071	6.0	-0.399424	1.49977	0.924616	7.0	-0.395086	1.55994	0.849562	8.0	0.0340379	1.28649	1.35575	9.0	0.11191	1.28923	1.10613	10.0	-0.100437	1.4149	0.967891	11.0	-0.103592	1.40921	0.920104	12.0	-0.140566	1.30811	0.853351	13.0	-0.177582	1.22096	0.498581	14.0	-0.1501	1.13623	0.139714	15.0	-0.138152	1.22198	0.0656922	16.0	-0.00854637	1.30366	0.866875	17.0	0.0864278	1.3364	0.50187	18.0	0.150215	1.39568	0.123888	19.0	0.143436	1.48453	0.0768316	20.0	-0.156068	1.28632	1.41641	21.0	-0.384471	1.58652	0.793195	22.0	-0.382414	1.59545	0.863975	23.0	-0.112604	1.42126	0.863473	24.0	-0.0291869	1.42078	0.878135
42.064	0.0	-0.0515967	1.2973	0.857784	1.0	-0.107383	1.29819	1.17981	2.0	-0.171243	1.31076	1.49042	3.0	-0.13432	1.31923	1.62062	4.0	-0.312468	1.32106	1.33755	5.0	-0.388051	1.39009	1.11995	6.0	-0.381932	1.52272	0.925378	7.0	-0.375167	1.58832	0.85182	8.0	0.033857	1.31333	1.35429	9.0	0.107809	1.31153	1.10081	10.0	-0.10338	1.43818	0.97186	11.0	-0.100981	1.42623	0.922744	12.0	-0.144419	1.32759	0.853493	13.0	-0.176572	1.23615	0.501031	14.0	-0.149726	1.137	0.140046	15.0	-0.139897	1.22164	0.0658846	16.0	-0.00986656	1.32577	0.866664	17.0	0.0794288	1.37236	0.496759	18.0	0.134509	1.43819	0.1263	19.0	0.126202	1.53259	0.0835977	20.0	-0.153871	1.30563	1.4144	21.0	-0.361887	1.61676	0.795421	22.0	-0.370776	1.62828	0.866553	23.0	-0.105405	1.43674	0.870349	24.0	-0.031704	1.44026	0.878764
42.097	0.0	-0.0534848	1.31211	0.8546	1.0	-0.10724	1.31872	1.17649	2.0	-0.168477	1.33803	1.48689	3.0	-0.132127	1.34051	1.61979	4.0	-0.311415	1.34492	1.33421	5.0	-0.384089	1.41449	1.11583	6.0	-0.359121	1.5684	0.921972	7.0	-0.355438	1.61838	0.850031	8.0	0.030722	1.34363	1.34866	9.0	0.119132	1.32532	1.11875	10.0	-0.0905289	1.4533	0.994768	11.0	-0.0922603	1.44619	0.941806	12.0	-0.145217	1.34256	0.851019	13.0	-0.176749	1.24859	0.503256	14.0	-0.149359	1.14048	0.140342	15.0	-0.141157	1.2221	0.0657806	16.0	-0.0130954	1.34023	0.862889	17.0	0.0747022	1.40257	0.500108	18.0	0.117773	1.46431	0.139619	19.0	0.114267	1.55145	0.0754838	20.0	-0.151803	1.33115	1.41093	21.0	-0.33715	1.64643	0.796206	22.0	-0.352457	1.65531	0.870076	23.0	-0.142042	1.45746	0.867327	24.0	-0.0221792	1.4545	0.898081
42.13	0.0	-0.0578421	1.33054	0.851184	1.0	-0.107474	1.33838	1.1737	2.0	-0.165067	1.3581	1.4846	3.0	-0.12412	1.36723	1.61483	4.0	-0.305428	1.36529	1.33302	5.0	-0.380891	1.43455	1.11536	6.0	-0.351138	1.58306	0.92208	7.0	-0.335147	1.64294	0.85178	8.0	0.0333666	1.36244	1.34901	9.0	0.12516	1.34256	1.12462	10.0	-0.0854266	1.46878	0.999851	11.0	-0.0874987	1.46691	0.945797	12.0	-0.14883	1.35941	0.849523	13.0	-0.175668	1.26281	0.501375	14.0	-0.148646	1.14229	0.139393	15.0	-0.142752	1.22231	0.0660345	16.0	-0.0185118	1.3601	0.857531	17.0	0.0681041	1.42308	0.492792	18.0	0.105816	1.48744	0.140509	19.0	0.0844882	1.59365	0.0785765	20.0	-0.149248	1.35121	1.40853	21.0	-0.316378	1.67343	0.798349	22.0	-0.331343	1.6795	0.874022	23.0	-0.12525	1.48875	0.870722	24.0	-0.0127189	1.47159	0.9021
42.164	0.0	-0.0563514	1.35641	0.847697	1.0	-0.10354	1.36301	1.17104	2.0	-0.159227	1.38094	1.48262	3.0	-0.120344	1.38813	1.61399	4.0	-0.299551	1.39088	1.32994	5.0	-0.369857	1.462	1.11121	6.0	-0.331433	1.61753	0.9151	7.0	-0.316291	1.66835	0.851097	8.0	0.0368983	1.39055	1.34946	9.0	0.130083	1.36927	1.12757	10.0	-0.0805718	1.49597	1.0028	11.0	-0.0808297	1.49137	0.949499	12.0	-0.147858	1.38525	0.84701	13.0	-0.171906	1.28168	0.505329	14.0	-0.147526	1.14468	0.138421	15.0	-0.143478	1.22288	0.0662629	16.0	-0.016926	1.38531	0.853399	17.0	0.0624693	1.45145	0.483373	18.0	0.0854083	1.52453	0.130008	19.0	0.0694524	1.61184	0.0744637	20.0	-0.143828	1.37454	1.40639	21.0	-0.292428	1.69768	0.79988	22.0	-0.305089	1.70172	0.873067	23.0	-0.107655	1.51528	0.874671	24.0	-0.00977132	1.49667	0.904051
42.197	0.0	-0.0509982	1.38344	0.843804	1.0	-0.0965593	1.39057	1.1677	2.0	-0.150721	1.40894	1.47977	3.0	-0.109613	1.41875	1.61023	4.0	-0.293551	1.41693	1.32847	5.0	-0.363924	1.48475	1.10882	6.0	-0.32133	1.63691	0.910424	7.0	-0.300675	1.69123	0.850913	8.0	0.0407408	1.42237	1.34511	9.0	0.134271	1.40115	1.12392	10.0	-0.0765324	1.52749	0.999147	11.0	-0.0761033	1.52028	0.947096	12.0	-0.1436	1.4093	0.844083	13.0	-0.171055	1.29033	0.497037	14.0	-0.147306	1.14705	0.138917	15.0	-0.144323	1.2237	0.0665623	16.0	-0.010957	1.41502	0.848662	17.0	0.0563103	1.47007	0.478413	18.0	0.0738311	1.53291	0.130791	19.0	0.043573	1.63255	0.0680487	20.0	-0.135683	1.40246	1.40344	21.0	-0.274645	1.72052	0.799399	22.0	-0.287129	1.72313	0.873973	23.0	-0.0928165	1.54668	0.871682	24.0	-0.00652603	1.525	0.903352
42.23	0.0	-0.0485055	1.40574	0.838222	1.0	-0.0903364	1.41665	1.1633	2.0	-0.140389	1.4393	1.47664	3.0	-0.101998	1.44219	1.61023	4.0	-0.285886	1.44909	1.32451	5.0	-0.357409	1.50642	1.10269	6.0	-0.309252	1.66338	0.908852	7.0	-0.287553	1.7129	0.848922	8.0	0.0546978	1.44426	1.34121	9.0	0.148134	1.42284	1.12019	10.0	-0.0627053	1.54922	0.995396	11.0	-0.0690673	1.54959	0.944457	12.0	-0.137773	1.43606	0.839299	13.0	-0.166699	1.30849	0.494576	14.0	-0.146386	1.15125	0.137368	15.0	-0.145064	1.22425	0.0664492	16.0	-0.0116634	1.43302	0.842709	17.0	0.0484787	1.49332	0.477372	18.0	0.0580749	1.54788	0.135761	19.0	0.0285894	1.64174	0.0665839	20.0	-0.126404	1.43171	1.39998	21.0	-0.260236	1.7466	0.79897	22.0	-0.284857	1.74828	0.871928	23.0	-0.0807435	1.57707	0.866175	24.0	0.00974975	1.5509	0.895026
42.264	0.0	-0.0381795	1.44242	0.829333	1.0	-0.0798354	1.44887	1.15886	2.0	-0.130672	1.46641	1.47581	3.0	-0.0920841	1.46598	1.61082	4.0	-0.275382	1.48002	1.31948	5.0	-0.347478	1.53476	1.09725	6.0	-0.297297	1.68601	0.901009	7.0	-0.277332	1.73388	0.844141	8.0	0.0634428	1.47827	1.33714	9.0	0.156709	1.45666	1.11614	10.0	-0.054254	1.58289	0.99136	11.0	-0.0600042	1.58237	0.938266	12.0	-0.127959	1.46958	0.831619	13.0	-0.165001	1.33664	0.493535	14.0	-0.145471	1.15623	0.134066	15.0	-0.146603	1.22634	0.0670733	16.0	-0.00241746	1.47072	0.833023	17.0	0.0452669	1.51491	0.472047	18.0	0.0461282	1.55588	0.139729	19.0	0.0208548	1.64299	0.06376	20.0	-0.116402	1.46016	1.39833	21.0	-0.246492	1.76402	0.793674	22.0	-0.265806	1.76589	0.868836	23.0	-0.074884	1.60658	0.862223	24.0	0.0146551	1.58209	0.89201
42.297	0.0	-0.0339974	1.47583	0.82743	1.0	-0.0709309	1.48143	1.15728	2.0	-0.116936	1.49849	1.47473	3.0	-0.0788254	1.49562	1.6108	4.0	-0.261539	1.51346	1.31737	5.0	-0.339996	1.5572	1.09508	6.0	-0.29332	1.70391	0.896039	7.0	-0.272033	1.75221	0.838591	8.0	0.0710023	1.51294	1.33092	9.0	0.164073	1.49114	1.10992	10.0	-0.0469756	1.6173	0.985146	11.0	-0.0549529	1.61631	0.929735	12.0	-0.123934	1.50386	0.829472	13.0	-0.160837	1.37426	0.496876	14.0	-0.145035	1.16519	0.138753	15.0	-0.14749	1.22836	0.066896	16.0	0.00139438	1.50344	0.831351	17.0	0.046508	1.53872	0.47606	18.0	0.0418391	1.56001	0.142938	19.0	0.0184266	1.643	0.0624547	20.0	-0.103877	1.49237	1.39711	21.0	-0.238404	1.78038	0.786742	22.0	-0.263324	1.78549	0.863086	23.0	-0.0782347	1.63784	0.853286	24.0	0.0214042	1.61638	0.885701
42.33	0.0	-0.0209468	1.50796	0.823516	1.0	-0.0587881	1.51196	1.15744	2.0	-0.106108	1.52677	1.4786	3.0	-0.0653213	1.52408	1.61496	4.0	-0.250354	1.54845	1.3185	5.0	-0.330955	1.58472	1.0958	6.0	-0.288457	1.71621	0.891597	7.0	-0.271609	1.76703	0.832955	8.0	0.0819185	1.54054	1.32824	9.0	0.174808	1.51856	1.10724	10.0	-0.0363257	1.6446	0.982465	11.0	-0.0488438	1.65009	0.922265	12.0	-0.108336	1.53809	0.825019	13.0	-0.159883	1.40724	0.487375	14.0	-0.145326	1.17955	0.141292	15.0	-0.1486	1.23385	0.0660193	16.0	0.0112268	1.5323	0.828135	17.0	0.0541964	1.55919	0.468942	18.0	0.0429003	1.56616	0.140079	19.0	0.0146885	1.64734	0.0613366	20.0	-0.0926725	1.52127	1.40009	21.0	-0.240132	1.79578	0.779963	22.0	-0.259834	1.79771	0.858457	23.0	-0.0898202	1.66474	0.848447	24.0	0.02595	1.65133	0.8752
42.364	0.0	-0.0199997	1.5413	0.823889	1.0	-0.0535487	1.54413	1.16032	2.0	-0.0966784	1.55834	1.48396	3.0	-0.0518147	1.5577	1.62002	4.0	-0.241785	1.57705	1.32247	5.0	-0.321802	1.61048	1.09462	6.0	-0.287811	1.72653	0.890979	7.0	-0.276254	1.77652	0.828029	8.0	0.0924109	1.57603	1.32662	9.0	0.185089	1.55383	1.10558	10.0	-0.0261329	1.67976	0.980797	11.0	-0.0414199	1.68253	0.921303	12.0	-0.108826	1.56909	0.827701	13.0	-0.158412	1.47304	0.495691	14.0	-0.148762	1.21672	0.170393	15.0	-0.151017	1.24693	0.0697381	16.0	0.0129025	1.56756	0.826134	17.0	0.0536775	1.57363	0.477206	18.0	0.0443142	1.56963	0.138251	19.0	0.0137547	1.64958	0.0605233	20.0	-0.0842831	1.55297	1.40484	21.0	-0.250504	1.80573	0.772687	22.0	-0.27749	1.81386	0.8518	23.0	-0.0579777	1.69448	0.849436	24.0	0.0397044	1.67803	0.878291
42.397	0.0	-0.015298	1.57815	0.826218	1.0	-0.046107	1.57705	1.16296	2.0	-0.087112	1.5866	1.48664	3.0	-0.0436533	1.58192	1.62428	4.0	-0.233725	1.60769	1.32417	5.0	-0.314822	1.63507	1.09255	6.0	-0.28757	1.73858	0.884912	7.0	-0.282848	1.7813	0.822236	8.0	0.104087	1.60249	1.32899	9.0	0.196597	1.58009	1.1079	10.0	-0.0146998	1.70591	0.983098	11.0	-0.0378996	1.71203	0.925051	12.0	-0.106127	1.60953	0.83091	13.0	-0.152589	1.53848	0.501087	14.0	-0.150776	1.27106	0.184157	15.0	-0.170064	1.39423	0.151135	16.0	0.0185402	1.5999	0.827753	17.0	0.0549088	1.591	0.478752	18.0	0.044494	1.57093	0.136469	19.0	0.0130818	1.6502	0.0605409	20.0	-0.0751715	1.58246	1.40754	21.0	-0.262372	1.81022	0.763213	22.0	-0.297093	1.82376	0.836693	23.0	-0.0544974	1.72423	0.851416	24.0	0.0455903	1.70622	0.875886
42.43	0.0	-0.00950159	1.61049	0.829377	1.0	-0.0390044	1.60664	1.16571	2.0	-0.078659	1.6134	1.4889	3.0	-0.0301175	1.61805	1.62377	4.0	-0.230482	1.63029	1.32458	5.0	-0.310062	1.6558	1.09125	6.0	-0.291256	1.752	0.879061	7.0	-0.288895	1.77953	0.816291	8.0	0.112101	1.63389	1.33113	9.0	-0.0553198	1.73372	1.07265	10.0	-0.0145299	1.75863	0.836602	11.0	-0.0184861	1.73776	0.81105	12.0	-0.101945	1.63642	0.832851	13.0	-0.133968	1.59949	0.499627	14.0	-0.15281	1.32048	0.192243	15.0	-0.152679	1.32007	0.0898137	16.0	0.025512	1.63714	0.832183	17.0	0.0536816	1.60875	0.470046	18.0	0.0454605	1.57609	0.135726	19.0	0.0136892	1.66362	0.0527522	20.0	-0.0670503	1.60998	1.40993	21.0	-0.272099	1.80942	0.751859	22.0	-0.295365	1.82292	0.841077	23.0	0.000434158	1.71783	0.779521	24.0	0.0117829	1.75708	0.821773
42.464	0.0	0.0207682	1.6512	0.830985	1.0	-0.0219087	1.64065	1.16706	2.0	-0.0716384	1.64224	1.49003	3.0	-0.0206929	1.65	1.624	4.0	-0.22481	1.65954	1.32409	5.0	-0.307297	1.67361	1.08952	6.0	-0.293901	1.75872	0.872555	7.0	-0.294022	1.78187	0.811973	8.0	0.120067	1.66718	1.32636	9.0	-0.0547842	1.75164	1.06737	10.0	-0.0136424	1.7744	0.836281	11.0	-0.0171457	1.76235	0.806003	12.0	-0.0716164	1.68126	0.83322	13.0	-0.138033	1.65238	0.496698	14.0	-0.144237	1.37424	0.188151	15.0	-0.154352	1.38031	0.107495	16.0	0.0532511	1.6708	0.834661	17.0	0.0402209	1.64781	0.470078	18.0	0.0436921	1.57916	0.134023	19.0	0.0136077	1.66362	0.0525787	20.0	-0.0577458	1.63996	1.41113	21.0	-0.289006	1.80874	0.744131	22.0	-0.337196	1.79725	0.820901	23.0	0.017475	1.73892	0.746883	24.0	0.0202445	1.78489	0.828663
42.497	0.0	0.014204	1.67716	0.834384	1.0	-0.020597	1.66931	1.16874	2.0	-0.0642551	1.67299	1.48969	3.0	-0.00859623	1.68933	1.62007	4.0	-0.220042	1.68229	1.32477	5.0	-0.304763	1.69031	1.08563	6.0	-0.301249	1.77515	0.857168	7.0	-0.295224	1.78927	0.806906	8.0	0.127136	1.68923	1.33	9.0	-0.0425086	1.78231	1.07024	10.0	-0.0138969	1.80141	0.827474	11.0	0.0264264	1.77396	0.780912	12.0	-0.0787412	1.70305	0.838888	13.0	-0.143811	1.70882	0.497237	14.0	-0.139172	1.45053	0.171282	15.0	-0.102883	1.54015	0.100354	16.0	0.0476023	1.70272	0.835556	17.0	0.062822	1.67805	0.48401	18.0	0.0433105	1.58056	0.13267	19.0	-0.0113861	1.63566	0.0517967	20.0	-0.0517354	1.67038	1.41132	21.0	-0.299106	1.80942	0.736858	22.0	-0.341789	1.80017	0.820507	23.0	0.0783739	1.75479	0.715862	24.0	0.0615882	1.76597	0.774839
42.53	0.0	0.0200607	1.70992	0.836038	1.0	-0.0147452	1.70266	1.16974	2.0	-0.0597649	1.70464	1.48999	3.0	-0.00759222	1.70751	1.62629	4.0	-0.218125	1.70696	1.32457	5.0	-0.302812	1.70718	1.08416	6.0	-0.304594	1.77879	0.856681	7.0	-0.315831	1.7957	0.80432	8.0	0.136116	1.73135	1.32483	9.0	-0.0358593	1.81668	1.06384	10.0	0.163809	1.7614	0.844765	11.0	0.201163	1.75107	0.793105	12.0	-0.0736137	1.73273	0.841692	13.0	-0.143355	1.76635	0.483067	14.0	-0.136059	1.54095	0.132666	15.0	-0.0953499	1.62753	0.0648555	16.0	0.0536128	1.73609	0.836205	17.0	0.101936	1.70446	0.494089	18.0	0.041391	1.58081	0.125754	19.0	-0.0115905	1.63606	0.052377	20.0	-0.0468067	1.70251	1.4118	21.0	-0.31004	1.80659	0.733057	22.0	-0.352953	1.76832	0.789298	23.0	0.208652	1.74279	0.747041	24.0	0.181997	1.77948	0.829944
42.564	0.0	0.0015358	1.74764	0.83015	1.0	-0.0211411	1.73306	1.1668	2.0	-0.0572077	1.73176	1.48891	3.0	-0.00179061	1.754	1.61748	4.0	-0.215864	1.73417	1.32481	5.0	-0.302885	1.7204	1.08186	6.0	-0.311924	1.78302	0.856113	7.0	-0.322647	1.79726	0.802494	8.0	0.140283	1.76359	1.31104	9.0	-0.0386988	1.83851	1.05143	10.0	0.187576	1.78671	0.860833	11.0	0.202824	1.79958	0.810851	12.0	-0.0912048	1.767	0.840125	13.0	-0.141186	1.82038	0.472169	14.0	-0.121974	1.65451	0.107892	15.0	-0.117156	1.72251	0.0511945	16.0	0.0336118	1.77788	0.826028	17.0	0.0756027	1.73327	0.480202	18.0	0.0158612	1.63489	0.0931033	19.0	-0.0399567	1.67728	0.0256652	20.0	-0.0463353	1.73017	1.41032	21.0	-0.317332	1.80806	0.726505	22.0	-0.363621	1.77803	0.799755	23.0	0.221125	1.79143	0.757696	24.0	0.166106	1.78034	0.861518
42.598	0.0	-0.00465287	1.7644	0.828558	1.0	-0.025123	1.7597	1.16456	2.0	-0.0555914	1.7655	1.48651	3.0	-0.00288389	1.76853	1.6234	4.0	-0.213197	1.76231	1.32331	5.0	-0.305842	1.73562	1.0752	6.0	-0.320078	1.78946	0.84837	7.0	-0.330374	1.80166	0.795049	8.0	0.141595	1.79179	1.31056	9.0	0.183254	1.79648	0.999621	10.0	0.210749	1.84358	0.776157	11.0	0.208577	1.87108	0.769583	12.0	-0.0981973	1.78271	0.837524	13.0	-0.139873	1.87707	0.503083	14.0	-0.119944	1.76425	0.117011	15.0	-0.13117	1.81749	0.0498887	16.0	0.0282975	1.7947	0.825885	17.0	0.0243496	1.63721	0.428553	18.0	-0.0167489	1.59005	0.0775049	19.0	-0.0572055	1.72433	0.0445373	20.0	-0.0462887	1.76245	1.40794	21.0	-0.320029	1.81149	0.723269	22.0	-0.365915	1.79403	0.789635	23.0	0.189291	1.90039	0.742436	24.0	0.205102	1.84928	0.765394
42.63	0.0	-0.04132	1.80034	0.834777	1.0	-0.038534	1.78985	1.16547	2.0	-0.0539149	1.79301	1.48347	3.0	-0.00419261	1.80085	1.61939	4.0	-0.213134	1.78737	1.32093	5.0	-0.308004	1.75149	1.06753	6.0	-0.327907	1.79603	0.839213	7.0	-0.340334	1.80588	0.791019	8.0	0.139053	1.8287	1.3099	9.0	0.187774	1.82581	1.0047	10.0	0.206838	1.89858	0.785943	11.0	0.198411	1.93098	0.778951	12.0	-0.138662	1.81553	0.842699	13.0	-0.136561	1.91465	0.514946	14.0	-0.12586	1.87224	0.135468	15.0	-0.161994	1.98883	0.10649	16.0	-0.00472316	1.83363	0.833239	17.0	0.0216721	1.65909	0.448269	18.0	0.00785532	1.62518	0.139368	19.0	-0.0277046	1.74373	0.108557	20.0	-0.0479739	1.79002	1.40587	21.0	-0.331382	1.81508	0.721501	22.0	-0.373833	1.79081	0.782609	23.0	0.173134	1.97165	0.75233	24.0	0.195653	1.90888	0.76061
42.664	0.0	-0.0484139	1.80974	0.830623	1.0	-0.0467966	1.81393	1.16081	2.0	-0.055883	1.83093	1.47793	3.0	-0.00882445	1.83995	1.61397	4.0	-0.216083	1.81679	1.31641	5.0	-0.313236	1.7714	1.05779	6.0	-0.339236	1.8048	0.82836	7.0	-0.353328	1.8124	0.782647	8.0	0.107251	1.87749	1.29457	9.0	0.183706	1.87375	1.0145	10.0	0.187444	1.96325	0.799832	11.0	0.187912	1.99287	0.769856	12.0	-0.145468	1.82245	0.839921	13.0	-0.133714	1.96129	0.53286	14.0	-0.144984	1.97821	0.113792	15.0	-0.188014	2.09196	0.0846635	16.0	-0.0121774	1.84587	0.827667	17.0	0.025998	1.67452	0.443406	18.0	0.00781482	1.6214	0.138085	19.0	-1.57904e-05	1.67737	0.047272	20.0	-0.0519967	1.82516	1.40053	21.0	-0.340216	1.81505	0.71544	22.0	-0.384097	1.78216	0.782895	23.0	0.172622	2.02103	0.751243	24.0	0.184818	1.96927	0.763293
42.697	0.0	-0.0590715	1.83934	0.826371	1.0	-0.0520325	1.8443	1.15726	2.0	-0.0566159	1.85706	1.47421	3.0	-0.00974093	1.86629	1.61046	4.0	-0.214151	1.8491	1.31122	5.0	-0.315249	1.7918	1.05177	6.0	-0.348038	1.812	0.821876	7.0	-0.364612	1.82027	0.777637	8.0	0.10295	1.90303	1.29107	9.0	0.181432	1.90952	1.0195	10.0	0.181622	2.00786	0.808216	11.0	0.190667	2.01826	0.771304	12.0	-0.158425	1.85008	0.838542	13.0	-0.132377	1.98448	0.53568	14.0	-0.184854	2.07501	0.120923	15.0	-0.233886	2.18388	0.0943633	16.0	-0.0209015	1.87656	0.820948	17.0	0.0279162	1.69745	0.44316	18.0	0.00728331	1.62419	0.142717	19.0	0.00283276	1.67475	0.0474724	20.0	-0.0535716	1.85236	1.39691	21.0	-0.352045	1.81913	0.707953	22.0	-0.395788	1.79291	0.786922	23.0	0.143696	2.05363	0.752422	24.0	0.189757	2.02505	0.769309
42.73	0.0	-0.0707009	1.86919	0.820362	1.0	-0.0595852	1.87836	1.14956	2.0	-0.0602205	1.8978	1.46369	3.0	-0.0158547	1.90662	1.60043	4.0	-0.217502	1.88104	1.30486	5.0	-0.318884	1.81602	1.04504	6.0	-0.357834	1.82262	0.815619	7.0	-0.376275	1.83351	0.773265	8.0	0.100318	1.94792	1.27983	9.0	0.177519	1.95102	1.04052	10.0	0.163858	2.03944	0.82489	11.0	0.158599	2.04531	0.824534	12.0	-0.170924	1.87722	0.834692	13.0	-0.140764	2.01798	0.498922	14.0	-0.18977	2.1548	0.129973	15.0	-0.23579	2.26575	0.101589	16.0	-0.0320474	1.90854	0.813116	17.0	0.0255609	1.72903	0.437842	18.0	0.0138604	1.62484	0.147456	19.0	0.00467182	1.67357	0.0486816	20.0	-0.0581893	1.89149	1.38716	21.0	-0.372604	1.82866	0.70633	22.0	-0.407726	1.80208	0.777153	23.0	0.137405	2.0588	0.811498	24.0	0.150723	2.04947	0.834284
42.764	0.0	-0.0750897	1.89526	0.814756	1.0	-0.0635092	1.90588	1.14351	2.0	-0.0638635	1.92397	1.45777	3.0	-0.0205955	1.93306	1.59463	4.0	-0.219465	1.91734	1.29612	5.0	-0.3256	1.84593	1.04077	6.0	-0.378719	1.84128	0.814009	7.0	-0.389997	1.84716	0.781115	8.0	0.101583	1.97389	1.27721	9.0	0.169609	1.98595	1.0339	10.0	0.160043	2.05805	0.812775	11.0	0.153684	2.08862	0.749369	12.0	-0.175407	1.90029	0.828953	13.0	-0.140609	2.0515	0.492895	14.0	-0.200289	2.17328	0.125335	15.0	-0.243247	2.28442	0.0970799	16.0	-0.0368184	1.93691	0.808144	17.0	0.0260859	1.7456	0.441132	18.0	0.00884765	1.63216	0.15448	19.0	0.00595405	1.66741	0.0500462	20.0	-0.0618354	1.91812	1.38118	21.0	-0.389773	1.84066	0.70505	22.0	-0.421966	1.8174	0.775704	23.0	0.13243	2.10191	0.736767	24.0	0.145678	2.09232	0.760129
42.797	0.0	-0.0785029	1.94818	0.804124	1.0	-0.0687572	1.95043	1.1353	2.0	-0.0709764	1.96101	1.45147	3.0	-0.0285888	1.97091	1.58421	4.0	-0.221323	1.952	1.28831	5.0	-0.329459	1.87636	1.03357	6.0	-0.390774	1.8565	0.809976	7.0	-0.401897	1.86579	0.774691	8.0	0.0870163	2.0263	1.26473	9.0	0.153797	2.0306	1.0311	10.0	0.225876	2.03158	0.799309	11.0	0.250503	2.03001	0.730694	12.0	-0.181593	1.95293	0.81824	13.0	-0.139971	2.07643	0.494355	14.0	-0.0622127	2.19686	0.11512	15.0	-0.112129	2.30593	0.0869071	16.0	-0.0385049	1.98855	0.798163	17.0	0.0245248	1.78125	0.441064	18.0	0.0236898	1.60552	0.108917	19.0	0.00984674	1.66856	0.0440545	20.0	-0.0684754	1.95692	1.37446	21.0	-0.399628	1.85742	0.696379	22.0	-0.439657	1.86304	0.76956	23.0	0.229267	2.04333	0.718122	24.0	0.24254	2.03377	0.741506
42.83	0.0	-0.0829424	1.9825	0.798364	1.0	-0.0730961	1.98152	1.13045	2.0	-0.0756341	1.9891	1.44731	3.0	-0.0333158	1.99149	1.58225	4.0	-0.223972	1.98688	1.28256	5.0	-0.333534	1.91038	1.03108	6.0	-0.400792	1.88399	0.80979	7.0	-0.411809	1.88996	0.771674	8.0	0.0727001	2.06132	1.25937	9.0	0.056972	2.09671	1.02595	10.0	-0.0834443	2.17124	0.8488	11.0	-0.0785383	2.13593	0.811568	12.0	-0.184951	1.97878	0.812963	13.0	-0.143194	2.11687	0.49176	14.0	-0.0661003	2.25325	0.119487	15.0	-0.117196	2.36133	0.0917131	16.0	-0.0448829	2.03152	0.792384	17.0	0.0227949	1.8123	0.444462	18.0	0.0231066	1.60714	0.107493	19.0	0.0139309	1.67014	0.0435206	20.0	-0.0730355	1.9859	1.37012	21.0	-0.414961	1.88423	0.693864	22.0	-0.462712	1.88799	0.790458	23.0	-0.135296	2.16329	0.710022	24.0	-0.0568824	2.16332	0.800881
42.864	0.0	-0.0881977	1.99689	0.800183	1.0	-0.0784412	2.00383	1.13215	2.0	-0.0810009	2.02077	1.44859	3.0	-0.0411443	2.02911	1.58262	4.0	-0.222697	2.02366	1.28176	5.0	-0.339709	1.94486	1.02729	6.0	-0.407193	1.912	0.807091	7.0	-0.41744	1.9205	0.771931	8.0	0.0347415	2.0982	1.27953	9.0	-0.0610588	2.14898	0.997491	10.0	-0.188429	2.21994	0.809831	11.0	-0.168823	2.17564	0.754635	12.0	-0.190081	1.98901	0.812962	13.0	-0.146508	2.14652	0.498211	14.0	-0.0679775	2.3046	0.135392	15.0	-0.123249	2.41061	0.106883	16.0	-0.0501045	2.04935	0.796338	17.0	0.0266698	1.84867	0.438628	18.0	0.0239016	1.65188	0.138737	19.0	0.0190481	1.67452	0.0447573	20.0	-0.0783783	2.01505	1.37156	21.0	-0.422808	1.9169	0.695343	22.0	-0.460178	1.91628	0.766529	23.0	-0.189324	2.19112	0.713812	24.0	-0.180656	2.21626	0.713941
42.898	0.0	-0.100967	2.04253	0.834261	1.0	-0.0870347	2.04487	1.15065	2.0	-0.0855296	2.05165	1.45299	3.0	-0.0452547	2.05195	1.58554	4.0	-0.220589	2.05666	1.28363	5.0	-0.347351	1.98355	1.03047	6.0	-0.412056	1.9554	0.788798	7.0	-0.423535	1.95399	0.757383	8.0	-0.00178092	2.12292	1.31335	9.0	-0.0859443	2.1683	1.00564	10.0	-0.207878	2.2361	0.813436	11.0	-0.180883	2.19986	0.760869	12.0	-0.208339	2.04763	0.84396	13.0	-0.156584	2.1762	0.520318	14.0	-0.0679049	2.30134	0.148535	15.0	-0.125513	2.40731	0.120663	16.0	-0.0577326	2.07764	0.828765	17.0	0.0240795	1.89881	0.458427	18.0	0.0278604	1.67741	0.153562	19.0	0.0113605	1.69266	0.0522782	20.0	-0.083782	2.04843	1.37901	21.0	-0.425936	1.95407	0.705852	22.0	-0.490034	1.96193	0.751487	23.0	-0.202349	2.2114	0.716932	24.0	-0.194344	2.24583	0.72935
