25.225	0.0	-0.140495	-1.40027	0.983992	1.0	-0.175214	-1.35716	1.2603	2.0	-0.213035	-1.30325	1.53221	3.0	-0.225771	-1.26202	1.64728	4.0	-0.35578	-1.37278	1.41736	5.0	-0.400214	-1.49132	1.25814	6.0	-0.344268	-1.38581	1.02962	7.0	-0.282707	-1.34269	1.01988	8.0	-0.035045	-1.27785	1.45207	9.0	0.109876	-1.26975	1.27519	10.0	0.177895	-1.13578	1.12814	11.0	0.192613	-1.05689	1.05823	12.0	-0.224777	-1.38666	0.976236	13.0	-0.232713	-1.2645	0.590451	14.0	-0.237479	-1.19578	0.209318	15.0	-0.273116	-1.07215	0.160331	16.0	-0.0767766	-1.34928	0.991799	17.0	-0.241522	-1.25756	0.51179	18.0	-0.22798	-1.18649	0.189689	19.0	-0.263694	-1.06292	0.140853	20.0	-0.202975	-1.31879	1.46488	21.0	-0.234215	-1.29938	0.967818	22.0	-0.273922	-1.28594	1.08734	23.0	0.204202	-1.01644	1.01138	24.0	0.163522	-1.00201	1.03369
25.259	0.0	-0.143904	-1.38663	0.981358	1.0	-0.181711	-1.33876	1.25562	2.0	-0.22345	-1.27921	1.52495	3.0	-0.228225	-1.25233	1.64594	4.0	-0.364357	-1.34928	1.41812	5.0	-0.399433	-1.48569	1.25302	6.0	-0.440572	-1.57276	1.09521	7.0	-0.453376	-1.60537	1.04283	8.0	-0.0440009	-1.26487	1.45017	9.0	0.0951574	-1.25384	1.27713	10.0	0.162596	-1.14195	1.13376	11.0	0.163245	-1.03783	1.06182	12.0	-0.227402	-1.37494	0.974189	13.0	-0.228096	-1.23402	0.655629	14.0	-0.25168	-1.19585	0.281899	15.0	-0.287451	-1.05836	0.223303	16.0	-0.0810117	-1.33376	0.988558	17.0	-0.249948	-1.24462	0.670967	18.0	-0.229432	-1.18589	0.216684	19.0	-0.265352	-1.04853	0.15857	20.0	-0.212335	-1.29623	1.45832	21.0	-0.404417	-1.56197	0.990725	22.0	-0.443498	-1.54839	1.11018	23.0	0.170665	-0.988011	1.02184	24.0	0.136273	-1.00355	1.04463
25.292	0.0	-0.140572	-1.3555	0.976669	1.0	-0.187261	-1.31089	1.24823	2.0	-0.23737	-1.25351	1.51491	3.0	-0.23727	-1.22501	1.64417	4.0	-0.378391	-1.3087	1.41118	5.0	-0.420675	-1.46176	1.20689	6.0	-0.449829	-1.58631	1.06626	7.0	-0.463438	-1.56282	1.05761	8.0	-0.0592145	-1.22979	1.44498	9.0	0.0707043	-1.23073	1.27823	10.0	0.15264	-1.13354	1.12313	11.0	0.146535	-1.02496	1.04703	12.0	-0.223406	-1.34316	0.969023	13.0	-0.2391	-1.20554	0.544726	14.0	-0.248536	-1.18183	0.228221	15.0	-0.28168	-1.04811	0.17258	16.0	-0.0783813	-1.30374	0.984464	17.0	-0.239752	-1.20466	0.531097	18.0	-0.230692	-1.17662	0.184318	19.0	-0.263952	-1.043	0.128996	20.0	-0.224141	-1.27003	1.44895	21.0	-0.467253	-1.56227	1.04241	22.0	-0.459785	-1.54325	1.05494	23.0	0.157418	-0.969775	0.997131	24.0	0.121028	-1.00409	1.04208
25.325	0.0	-0.140724	-1.33643	0.976837	1.0	-0.190194	-1.29301	1.25321	2.0	-0.242898	-1.23745	1.52515	3.0	-0.241075	-1.19974	1.6439	4.0	-0.381804	-1.29411	1.41583	5.0	-0.436792	-1.43131	1.19918	6.0	-0.475195	-1.51989	1.02676	7.0	-0.500377	-1.5634	0.954113	8.0	-0.0622502	-1.21751	1.44549	9.0	0.0617513	-1.21465	1.27849	10.0	0.128114	-1.11042	1.09666	11.0	0.135725	-1.02693	1.03059	12.0	-0.223915	-1.32206	0.970259	13.0	-0.242994	-1.19331	0.553532	14.0	-0.248136	-1.17833	0.230201	15.0	-0.280322	-1.04643	0.1762	16.0	-0.0783442	-1.28632	0.983669	17.0	-0.255485	-1.19111	0.666638	18.0	-0.233945	-1.17328	0.229657	19.0	-0.26624	-1.04141	0.175661	20.0	-0.229061	-1.25353	1.45778	21.0	-0.513936	-1.58253	0.905071	22.0	-0.488008	-1.54004	0.97504	23.0	0.148254	-0.984229	0.968739	24.0	0.110908	-0.991057	1.00695
25.359	0.0	-0.139544	-1.31406	0.976872	1.0	-0.194716	-1.26521	1.25749	2.0	-0.254215	-1.20432	1.53456	3.0	-0.247821	-1.17393	1.65681	4.0	-0.39167	-1.25783	1.4208	5.0	-0.443044	-1.39554	1.20432	6.0	-0.489884	-1.46278	1.02424	7.0	-0.521993	-1.51067	0.935585	8.0	-0.0673569	-1.196	1.45532	9.0	0.0587375	-1.20824	1.27144	10.0	0.120492	-1.08396	1.08602	11.0	0.123196	-1.02645	1.00012	12.0	-0.222345	-1.29941	0.968893	13.0	-0.242863	-1.18533	0.551994	14.0	-0.239404	-1.16582	0.181846	15.0	-0.265454	-1.03922	0.131178	16.0	-0.0777778	-1.26398	0.985032	17.0	-0.0279492	-1.36981	0.678548	18.0	-0.19049	-1.21659	0.271954	19.0	-0.216805	-1.08994	0.220542	20.0	-0.23863	-1.22165	1.46587	21.0	-0.531051	-1.55619	0.874631	22.0	-0.538735	-1.52696	0.914533	23.0	0.143995	-0.993432	0.949784	24.0	0.0938286	-0.987942	0.996698
25.392	0.0	-0.144272	-1.29767	0.979395	1.0	-0.200357	-1.25039	1.26139	2.0	-0.259612	-1.19223	1.53889	3.0	-0.249643	-1.1545	1.66333	4.0	-0.396788	-1.24098	1.42785	5.0	-0.467405	-1.34431	1.19592	6.0	-0.506781	-1.41252	1.0111	7.0	-0.543734	-1.44781	0.91812	8.0	-0.0756143	-1.17568	1.4603	9.0	0.0513115	-1.18547	1.24719	10.0	0.116269	-1.08131	1.07909	11.0	0.112939	-1.0347	0.993979	12.0	-0.228758	-1.27846	0.972431	13.0	-0.244871	-1.17885	0.552491	14.0	-0.240993	-1.17113	0.191925	15.0	-0.26773	-1.04811	0.14366	16.0	-0.0811473	-1.25138	0.986653	17.0	-0.0311646	-1.35817	0.685059	18.0	-0.191983	-1.2052	0.263166	19.0	-0.219015	-1.08216	0.214313	20.0	-0.244182	-1.20885	1.47018	21.0	-0.554221	-1.50216	0.851544	22.0	-0.55303	-1.47328	0.897381	23.0	0.108085	-0.980717	0.925859	24.0	0.0798297	-1.02435	1.00551
25.426	0.0	-0.145215	-1.27824	0.981024	1.0	-0.20195	-1.2297	1.26501	2.0	-0.261747	-1.16996	1.54451	3.0	-0.249881	-1.13608	1.66768	4.0	-0.407979	-1.20255	1.44953	5.0	-0.474441	-1.29735	1.19934	6.0	-0.524616	-1.33885	1.00492	7.0	-0.564737	-1.34447	0.911604	8.0	-0.0715707	-1.17293	1.4583	9.0	0.0475051	-1.18712	1.25141	10.0	0.107329	-1.09013	1.07462	11.0	0.104742	-1.0432	0.996316	12.0	-0.229086	-1.25647	0.97831	13.0	-0.246236	-1.17409	0.55435	14.0	-0.252851	-1.16719	0.203199	15.0	-0.269678	-1.04342	0.156119	16.0	-0.0826648	-1.23406	0.984435	17.0	-0.0206956	-1.34978	0.642584	18.0	-0.20396	-1.18703	0.229438	19.0	-0.221098	-1.06332	0.182118	20.0	-0.246201	-1.187	1.47531	21.0	-0.571125	-1.38532	0.844724	22.0	-0.559163	-1.363	0.882518	23.0	0.112257	-1.0069	0.936893	24.0	0.0958319	-1.03484	0.973353
25.46	0.0	-0.150182	-1.2631	0.980551	1.0	-0.206308	-1.21574	1.26655	2.0	-0.265504	-1.15706	1.54774	3.0	-0.24915	-1.12299	1.67399	4.0	-0.413423	-1.19108	1.44965	5.0	-0.486757	-1.24639	1.21127	6.0	-0.539875	-1.25479	1.0071	7.0	-0.579395	-1.25985	0.909011	8.0	-0.0742829	-1.1636	1.46199	9.0	0.0405977	-1.19034	1.2596	10.0	0.10218	-1.09616	1.07999	11.0	0.107886	-1.06397	0.989695	12.0	-0.234324	-1.24009	0.977225	13.0	-0.248415	-1.16923	0.559965	14.0	-0.247117	-1.16901	0.19081	15.0	-0.263217	-1.04595	0.144713	16.0	-0.0873246	-1.22058	0.984218	17.0	-0.0302914	-1.31378	0.681413	18.0	-0.225473	-1.19715	0.250844	19.0	-0.241688	-1.07403	0.204255	20.0	-0.250107	-1.17384	1.47815	21.0	-0.597888	-1.26462	0.84566	22.0	-0.584007	-1.26478	0.861795	23.0	0.129585	-1.05774	0.933797	24.0	0.129988	-1.04971	0.936367
25.493	0.0	-0.153091	-1.24752	0.980259	1.0	-0.210868	-1.19555	1.26909	2.0	-0.271952	-1.13168	1.55377	3.0	-0.248841	-1.11146	1.67707	4.0	-0.414781	-1.16124	1.45377	5.0	-0.493232	-1.20604	1.2033	6.0	-0.560597	-1.1781	0.997266	7.0	-0.58978	-1.17154	0.907712	8.0	-0.0823254	-1.1457	1.46732	9.0	0.0366297	-1.19201	1.25342	10.0	0.101574	-1.1027	1.07014	11.0	0.103158	-1.07683	0.99141	12.0	-0.238359	-1.21992	0.976743	13.0	-0.250274	-1.16648	0.558589	14.0	-0.246473	-1.17008	0.192748	15.0	-0.259421	-1.0446	0.144891	16.0	-0.0894392	-1.20879	0.98397	17.0	0.0256595	-1.29041	0.652402	18.0	-0.265357	-1.17293	0.27745	19.0	-0.247551	-1.11731	0.163886	20.0	-0.256063	-1.14981	1.48325	21.0	-0.60595	-1.15959	0.842092	22.0	-0.614549	-1.17337	0.886687	23.0	0.115521	-1.05437	0.933451	24.0	0.121632	-1.05443	0.92816
25.526	0.0	-0.159883	-1.22551	0.991186	1.0	-0.212785	-1.18113	1.27475	2.0	-0.270735	-1.12342	1.55552	3.0	-0.243612	-1.08934	1.68211	4.0	-0.414731	-1.13746	1.45566	5.0	-0.495419	-1.16374	1.20823	6.0	-0.567271	-1.10508	1.01576	7.0	-0.594674	-1.07847	0.922168	8.0	-0.0824306	-1.14277	1.46824	9.0	0.0304794	-1.19284	1.24734	10.0	0.098254	-1.1143	1.03822	11.0	0.11125	-1.09148	0.975821	12.0	-0.242119	-1.19735	0.987071	13.0	-0.254099	-1.15806	0.562933	14.0	-0.245575	-1.17061	0.190431	15.0	-0.240285	-1.10474	0.110832	16.0	-0.0992759	-1.18766	0.995265	17.0	-0.0147599	-1.26233	0.695372	18.0	-0.224282	-1.19915	0.252497	19.0	-0.231427	-1.07113	0.204799	20.0	-0.255468	-1.14021	1.48583	21.0	-0.61857	-1.05095	0.856381	22.0	-0.631104	-1.05613	0.889842	23.0	0.125311	-1.08236	0.908748	24.0	0.107292	-1.08219	0.97986
25.56	0.0	-0.160951	-1.21419	0.99198	1.0	-0.214827	-1.16687	1.27838	2.0	-0.272529	-1.1085	1.56086	3.0	-0.242228	-1.07643	1.68383	4.0	-0.417202	-1.11321	1.45691	5.0	-0.502094	-1.11202	1.22029	6.0	-0.561323	-1.03326	1.02916	7.0	-0.594269	-0.987355	0.936575	8.0	-0.0811156	-1.13961	1.46628	9.0	0.0271354	-1.1949	1.24255	10.0	0.100101	-1.11902	1.03349	11.0	0.110747	-1.10693	0.981988	12.0	-0.242831	-1.18075	0.987864	13.0	-0.256851	-1.15419	0.56356	14.0	-0.246097	-1.1718	0.193059	15.0	-0.239706	-1.10574	0.113294	16.0	-0.100541	-1.18059	0.995986	17.0	-0.0016573	-1.24152	0.699065	18.0	0.101286	-1.31194	0.369972	19.0	0.0551362	-1.24793	0.455717	20.0	-0.257452	-1.12515	1.49091	21.0	-0.610842	-0.940771	0.87106	22.0	-0.631619	-0.957203	0.906503	23.0	0.125598	-1.10004	0.923109	24.0	0.0892672	-1.09841	0.992212
25.593	0.0	-0.163749	-1.19728	0.989835	1.0	-0.216872	-1.15022	1.27716	2.0	-0.273393	-1.09193	1.55992	3.0	-0.239362	-1.06561	1.68524	4.0	-0.419032	-1.09385	1.45651	5.0	-0.515724	-1.06558	1.25538	6.0	-0.561332	-0.95588	1.03341	7.0	-0.585211	-0.911626	0.950672	8.0	-0.0764644	-1.13668	1.4636	9.0	0.0264739	-1.1954	1.24192	10.0	0.108138	-1.14306	1.04204	11.0	0.112117	-1.12573	0.976801	12.0	-0.243745	-1.16291	0.986924	13.0	-0.258783	-1.15014	0.565956	14.0	-0.248387	-1.17649	0.192862	15.0	-0.239802	-1.10555	0.113419	16.0	-0.105272	-1.1653	0.992776	17.0	0.0243994	-1.22588	0.624507	18.0	0.139493	-1.27152	0.298787	19.0	0.194586	-1.20276	0.199606	20.0	-0.258637	-1.10863	1.48995	21.0	-0.606827	-0.881375	0.89872	22.0	-0.615389	-0.894002	0.935026	23.0	0.131658	-1.13145	0.930414	24.0	0.0930336	-1.0948	0.976233
25.626	0.0	-0.164581	-1.18353	0.989791	1.0	-0.217561	-1.13711	1.27916	2.0	-0.273772	-1.07926	1.56368	3.0	-0.236755	-1.05407	1.68842	4.0	-0.418442	-1.06454	1.45569	5.0	-0.510497	-1.0308	1.25793	6.0	-0.555825	-0.889224	1.04612	7.0	-0.576497	-0.833781	0.968978	8.0	-0.0768713	-1.12648	1.46267	9.0	0.0267049	-1.1971	1.24175	10.0	0.108616	-1.15849	1.04652	11.0	0.117344	-1.14206	0.982913	12.0	-0.245358	-1.14194	0.986481	13.0	-0.263318	-1.14475	0.569248	14.0	-0.249188	-1.17677	0.194915	15.0	-0.240116	-1.10451	0.114954	16.0	-0.105693	-1.15735	0.992957	17.0	0.0350087	-1.20808	0.60783	18.0	0.144842	-1.2409	0.281989	19.0	0.201945	-1.1751	0.181548	20.0	-0.259105	-1.09586	1.49328	21.0	-0.582064	-0.791267	0.904063	22.0	-0.61039	-0.810642	0.943639	23.0	0.134998	-1.12419	0.934682	24.0	0.0939198	-1.11106	0.964771
25.659	0.0	-0.16409	-1.1717	0.988065	1.0	-0.215984	-1.12147	1.28035	2.0	-0.2707	-1.05896	1.56851	3.0	-0.232966	-1.03717	1.69374	4.0	-0.412011	-1.04018	1.45675	5.0	-0.513489	-1.00267	1.27174	6.0	-0.5447	-0.817913	1.05246	7.0	-0.558287	-0.765501	0.979234	8.0	-0.0774375	-1.1181	1.46461	9.0	0.0217424	-1.19599	1.24733	10.0	0.105214	-1.18659	1.05827	11.0	0.119792	-1.16689	0.989934	12.0	-0.243476	-1.13012	0.984021	13.0	-0.26793	-1.13919	0.57076	14.0	-0.249311	-1.17684	0.195594	15.0	-0.240059	-1.10526	0.116158	16.0	-0.106617	-1.14664	0.992077	17.0	0.0291687	-1.16968	0.633969	18.0	0.174304	-1.18105	0.267806	19.0	0.185576	-1.05331	0.219365	20.0	-0.256444	-1.0768	1.49713	21.0	-0.55733	-0.72977	0.932088	22.0	-0.595561	-0.754803	0.972934	23.0	0.135811	-1.163	0.929722	24.0	0.0986001	-1.14355	0.991205
25.692	0.0	-0.166802	-1.15057	0.987883	1.0	-0.21634	-1.10485	1.28223	2.0	-0.26942	-1.04702	1.57133	3.0	-0.230062	-1.02906	1.6962	4.0	-0.408537	-1.02123	1.4576	5.0	-0.517401	-0.960733	1.28169	6.0	-0.526122	-0.791698	1.08428	7.0	-0.543571	-0.720679	1.00509	8.0	-0.0930484	-1.08535	1.4612	9.0	0.0212726	-1.19861	1.24121	10.0	0.106117	-1.19271	1.05348	11.0	0.119904	-1.18186	0.992814	12.0	-0.246667	-1.10888	0.983429	13.0	-0.269303	-1.13476	0.571585	14.0	-0.249533	-1.17595	0.198051	15.0	-0.240753	-1.10538	0.117968	16.0	-0.108973	-1.1258	0.992319	17.0	0.0306253	-1.15202	0.64414	18.0	0.176906	-1.13766	0.292663	19.0	0.185213	-1.00897	0.244468	20.0	-0.2555	-1.0637	1.49981	21.0	-0.541313	-0.693254	0.964499	22.0	-0.566805	-0.678108	1.01249	23.0	0.132871	-1.17833	0.941385	24.0	0.106006	-1.15851	0.987101
25.725	0.0	-0.163827	-1.14008	0.988263	1.0	-0.213244	-1.09365	1.28326	2.0	-0.266106	-1.03582	1.57301	3.0	-0.221981	-1.0115	1.6937	4.0	-0.399699	-0.999814	1.46104	5.0	-0.514476	-0.94455	1.2884	6.0	-0.520024	-0.764774	1.11901	7.0	-0.525615	-0.686939	1.03936	8.0	-0.0921927	-1.08353	1.46313	9.0	0.0192695	-1.19815	1.2438	10.0	0.103338	-1.19558	1.0567	11.0	0.121785	-1.20008	0.994041	12.0	-0.240813	-1.09169	0.982323	13.0	-0.274578	-1.12469	0.579273	14.0	-0.249151	-1.17529	0.198862	15.0	-0.242409	-1.10439	0.11768	16.0	-0.108051	-1.12009	0.993516	17.0	0.0342157	-1.12738	0.634929	18.0	0.17345	-1.09572	0.300921	19.0	0.236099	-1.0106	0.213631	20.0	-0.252243	-1.05241	1.50134	21.0	-0.527816	-0.649929	0.997172	22.0	-0.550005	-0.663341	0.99301	23.0	0.140006	-1.21813	0.944729	24.0	0.0983558	-1.16983	1.00604
25.759	0.0	-0.158455	-1.12513	0.990618	1.0	-0.210054	-1.07815	1.2854	2.0	-0.26491	-1.01962	1.57497	3.0	-0.219768	-1.00383	1.69521	4.0	-0.397328	-0.984902	1.46177	5.0	-0.515998	-0.933497	1.29177	6.0	-0.504634	-0.737867	1.12463	7.0	-0.499603	-0.650691	1.05578	8.0	-0.086065	-1.08511	1.4748	9.0	0.0159924	-1.1957	1.24959	10.0	0.106011	-1.21265	1.06829	11.0	0.115573	-1.21294	1.00749	12.0	-0.232514	-1.07619	0.983859	13.0	-0.275464	-1.12262	0.578631	14.0	-0.24948	-1.17501	0.200171	15.0	-0.24861	-1.1008	0.121301	16.0	-0.106159	-1.10701	0.996826	17.0	0.034072	-1.09778	0.639039	18.0	0.197098	-1.04976	0.251633	19.0	0.215746	-0.924584	0.205133	20.0	-0.25056	-1.0364	1.50335	21.0	-0.491049	-0.612359	1.01915	22.0	-0.518579	-0.635825	1.00808	23.0	0.135747	-1.22516	0.956669	24.0	0.117146	-1.17505	0.981206
25.792	0.0	-0.154179	-1.11385	0.994062	1.0	-0.207633	-1.06595	1.28988	2.0	-0.26438	-1.00641	1.58056	3.0	-0.217005	-0.997935	1.69652	4.0	-0.392413	-0.972351	1.4645	5.0	-0.501259	-0.882278	1.30028	6.0	-0.489064	-0.715221	1.1389	7.0	-0.474763	-0.618186	1.07221	8.0	-0.108208	-1.04882	1.49899	9.0	-0.000307172	-1.17439	1.28498	10.0	0.102586	-1.21866	1.07312	11.0	0.121269	-1.22745	0.997573	12.0	-0.228861	-1.0644	0.985633	13.0	-0.27521	-1.12045	0.570762	14.0	-0.249657	-1.17494	0.19993	15.0	-0.247719	-1.10179	0.122048	16.0	-0.101717	-1.09624	1.00218	17.0	0.0334291	-1.08443	0.635708	18.0	0.190074	-1.0363	0.249529	19.0	0.203939	-0.911126	0.203337	20.0	-0.249551	-1.02346	1.50866	21.0	-0.465031	-0.580859	1.03091	22.0	-0.48351	-0.599918	1.02447	23.0	0.141209	-1.25385	0.939872	24.0	0.12408	-1.19533	0.97434
25.825	0.0	-0.151154	-1.10484	0.989251	1.0	-0.206382	-1.05728	1.2896	2.0	-0.264617	-0.996453	1.58463	3.0	-0.216906	-0.990666	1.69863	4.0	-0.387906	-0.956195	1.46524	5.0	-0.503608	-0.880729	1.29922	6.0	-0.469002	-0.686092	1.14749	7.0	-0.444571	-0.575604	1.07026	8.0	-0.101692	-1.02257	1.45252	9.0	0.00848513	-1.15265	1.24293	10.0	0.0980377	-1.22202	1.05773	11.0	0.116966	-1.23356	0.978673	12.0	-0.226728	-1.05833	0.98196	13.0	-0.274358	-1.11713	0.571715	14.0	-0.249441	-1.17336	0.202337	15.0	-0.247951	-1.10268	0.123512	16.0	-0.0980504	-1.08385	0.996365	17.0	0.0551801	-1.04345	0.566693	18.0	0.168766	-0.991821	0.249232	19.0	0.236919	-0.885769	0.192651	20.0	-0.2494	-1.01397	1.51154	21.0	-0.43036	-0.553829	1.04679	22.0	-0.46173	-0.571706	1.03771	23.0	0.128218	-1.22645	0.927108	24.0	0.12107	-1.19358	0.971883
25.859	0.0	-0.149104	-1.0918	0.98308	1.0	-0.203812	-1.04793	1.28756	2.0	-0.261963	-0.99082	1.58538	3.0	-0.214289	-0.977573	1.70072	4.0	-0.387276	-0.956848	1.46474	5.0	-0.48603	-0.859503	1.29691	6.0	-0.44914	-0.674675	1.14852	7.0	-0.420803	-0.561652	1.0797	8.0	-0.100735	-1.02145	1.45157	9.0	0.0100055	-1.15745	1.24567	10.0	0.105622	-1.24346	1.04004	11.0	0.118985	-1.22786	0.979132	12.0	-0.226041	-1.04984	0.976283	13.0	-0.272679	-1.1121	0.569392	14.0	-0.24917	-1.17212	0.205233	15.0	-0.247609	-1.1033	0.125877	16.0	-0.0945923	-1.06553	0.990124	17.0	0.0238719	-1.02531	0.640262	18.0	0.16405	-0.974022	0.236367	19.0	0.225412	-0.870566	0.184275	20.0	-0.246759	-1.00747	1.51176	21.0	-0.409806	-0.526551	1.06182	22.0	-0.431291	-0.558708	1.04734	23.0	0.118488	-1.25142	0.935201	24.0	0.101216	-1.17822	1.00235
25.893	0.0	-0.148464	-1.07989	0.980661	1.0	-0.200535	-1.03445	1.286	2.0	-0.2558	-0.977086	1.58544	3.0	-0.213644	-0.970777	1.70375	4.0	-0.376588	-0.930724	1.46232	5.0	-0.479785	-0.84563	1.29054	6.0	-0.437435	-0.669892	1.14962	7.0	-0.401173	-0.549895	1.08283	8.0	-0.0938553	-1.01509	1.45223	9.0	0.0151656	-1.15524	1.2473	10.0	0.10977	-1.24272	1.04001	11.0	0.119319	-1.22776	0.969422	12.0	-0.22456	-1.03635	0.974103	13.0	-0.266212	-1.10045	0.573385	14.0	-0.249774	-1.17107	0.206139	15.0	-0.247574	-1.10342	0.126476	16.0	-0.0950263	-1.05584	0.987563	17.0	0.0286692	-1.00726	0.607004	18.0	0.146616	-0.948317	0.232811	19.0	0.200688	-0.839104	0.167366	20.0	-0.241331	-0.993633	1.51139	21.0	-0.386108	-0.51877	1.06015	22.0	-0.405279	-0.528985	1.04663	23.0	0.113305	-1.23335	0.943612	24.0	0.111704	-1.19383	0.978605
25.925	0.0	-0.147964	-1.06561	0.977941	1.0	-0.2004	-1.02025	1.28377	2.0	-0.256058	-0.963507	1.58391	3.0	-0.215237	-0.956898	1.70473	4.0	-0.374344	-0.920149	1.45842	5.0	-0.473317	-0.83696	1.28259	6.0	-0.423028	-0.648143	1.14913	7.0	-0.382348	-0.543058	1.07877	8.0	-0.0930145	-0.984398	1.45337	9.0	0.0148784	-1.13097	1.25164	10.0	0.111214	-1.22135	1.04032	11.0	0.105744	-1.17059	0.956818	12.0	-0.223744	-1.02366	0.971442	13.0	-0.26569	-1.08719	0.576938	14.0	-0.249192	-1.17059	0.206578	15.0	-0.246405	-1.10032	0.127998	16.0	-0.0952355	-1.04001	0.984733	17.0	0.0268211	-1.00041	0.60372	18.0	0.118125	-0.922961	0.246591	19.0	0.176016	-0.828153	0.169167	20.0	-0.241499	-0.979844	1.50969	21.0	-0.365701	-0.518849	1.05733	22.0	-0.381506	-0.538496	1.03682	23.0	0.102285	-1.1724	0.944633	24.0	0.0992386	-1.14327	0.959561
25.959	0.0	-0.145131	-1.05146	0.975949	1.0	-0.19589	-1.00689	1.2822	2.0	-0.249884	-0.95065	1.58278	3.0	-0.214846	-0.94453	1.70523	4.0	-0.371911	-0.910668	1.45698	5.0	-0.458676	-0.826897	1.27449	6.0	-0.413168	-0.648733	1.14578	7.0	-0.369688	-0.531861	1.06823	8.0	-0.0910876	-0.973424	1.45126	9.0	0.0182618	-1.11835	1.24782	10.0	0.113596	-1.20748	1.03787	11.0	0.111944	-1.14908	0.957433	12.0	-0.221045	-1.01237	0.969594	13.0	-0.263916	-1.08238	0.574484	14.0	-0.251949	-1.16646	0.211581	15.0	-0.246682	-1.09789	0.128621	16.0	-0.0925608	-1.02265	0.982573	17.0	0.0269428	-0.966344	0.53852	18.0	0.111671	-0.881224	0.189648	19.0	0.1543	-0.802749	0.138831	20.0	-0.235745	-0.966885	1.50846	21.0	-0.360529	-0.490468	1.06046	22.0	-0.370348	-0.535463	1.03397	23.0	0.108447	-1.15088	0.945247	24.0	0.103369	-1.12764	0.957592
25.992	0.0	-0.139202	-1.03807	0.971816	1.0	-0.18938	-0.9927	1.27711	2.0	-0.2429	-0.935866	1.57679	3.0	-0.211712	-0.93214	1.70635	4.0	-0.371272	-0.907522	1.45497	5.0	-0.449764	-0.82443	1.26786	6.0	-0.400435	-0.640919	1.13087	7.0	-0.356091	-0.541354	1.05591	8.0	-0.0887518	-0.967812	1.45255	9.0	0.0210401	-1.11327	1.24848	10.0	0.115903	-1.20181	1.0392	11.0	0.12189	-1.13581	1.0099	12.0	-0.214972	-0.999423	0.965136	13.0	-0.258434	-1.06863	0.57687	14.0	-0.250064	-1.16554	0.212663	15.0	-0.246677	-1.09742	0.128712	16.0	-0.0870267	-1.00903	0.978834	17.0	0.0198653	-0.956304	0.537344	18.0	0.10454	-0.872833	0.180607	19.0	0.130953	-0.786203	0.124719	20.0	-0.228864	-0.952231	1.50269	21.0	-0.337825	-0.511656	1.03032	22.0	-0.355186	-0.532767	1.01807	23.0	0.124813	-1.12146	1.00614	24.0	0.112429	-1.1067	1.00585
26.025	0.0	-0.131301	-1.02387	0.967944	1.0	-0.181848	-0.980449	1.27448	2.0	-0.235764	-0.925352	1.57526	3.0	-0.209475	-0.92356	1.70669	4.0	-0.363759	-0.895194	1.45066	5.0	-0.446659	-0.823479	1.26083	6.0	-0.390623	-0.647513	1.11541	7.0	-0.357317	-0.553273	1.04789	8.0	-0.0677838	-0.942715	1.45331	9.0	0.0423257	-1.08868	1.24872	10.0	0.13667	-1.17675	1.04001	11.0	0.143083	-1.12981	0.98486	12.0	-0.207383	-0.982179	0.962548	13.0	-0.254641	-1.05404	0.570564	14.0	-0.246506	-1.1621	0.208527	15.0	-0.243703	-1.0932	0.127568	16.0	-0.078964	-0.997337	0.973805	17.0	0.0116811	-0.947927	0.548494	18.0	0.0731304	-0.872659	0.18057	19.0	0.108118	-0.784581	0.117912	20.0	-0.221625	-0.941304	1.5009	21.0	-0.331933	-0.513137	1.02029	22.0	-0.359424	-0.530809	1.0058	23.0	0.149856	-1.13488	0.942856	24.0	0.133917	-1.10334	0.985418
26.059	0.0	-0.122819	-0.999635	0.961233	1.0	-0.17203	-0.964521	1.2712	2.0	-0.22484	-0.915394	1.57452	3.0	-0.205054	-0.898611	1.70222	4.0	-0.351328	-0.87903	1.44406	5.0	-0.419484	-0.833188	1.24226	6.0	-0.376459	-0.645716	1.08819	7.0	-0.351911	-0.562377	1.02114	8.0	-0.0543366	-0.931951	1.45394	9.0	0.0560746	-1.07847	1.24868	10.0	0.148091	-1.11875	1.05579	11.0	0.166469	-1.12878	0.99366	12.0	-0.195535	-0.959295	0.955172	13.0	-0.252153	-1.04461	0.557018	14.0	-0.243288	-1.15591	0.204749	15.0	-0.236275	-1.08122	0.118976	16.0	-0.0741194	-0.971895	0.967732	17.0	0.00789118	-0.936712	0.549299	18.0	0.0435675	-0.876824	0.187191	19.0	0.0486552	-0.751133	0.144183	20.0	-0.211003	-0.930051	1.49959	21.0	-0.334976	-0.525365	0.989873	22.0	-0.36834	-0.544628	0.994404	23.0	0.164543	-1.1169	0.929705	24.0	0.139862	-1.09427	0.994928
26.093	0.0	-0.114654	-0.983278	0.954783	1.0	-0.164102	-0.94805	1.26222	2.0	-0.217541	-0.901329	1.56421	3.0	-0.193474	-0.887251	1.69399	4.0	-0.349103	-0.874784	1.4372	5.0	-0.416869	-0.831923	1.23443	6.0	-0.377647	-0.65217	1.06908	7.0	-0.357873	-0.576297	0.995044	8.0	-0.042471	-0.916493	1.45695	9.0	0.0850533	-1.0329	1.23963	10.0	0.177956	-1.09747	1.05062	11.0	0.197937	-1.11933	0.98321	12.0	-0.190932	-0.94473	0.947003	13.0	-0.247212	-1.02913	0.5548	14.0	-0.242353	-1.15403	0.20405	15.0	-0.236759	-1.08291	0.120349	16.0	-0.0620733	-0.953351	0.963246	17.0	0.00442697	-0.929068	0.547451	18.0	0.0391164	-0.876822	0.18683	19.0	0.0402452	-0.750983	0.144014	20.0	-0.203481	-0.915189	1.48949	21.0	-0.341155	-0.537875	0.963284	22.0	-0.370459	-0.549772	0.957289	23.0	0.210792	-1.14062	0.936426	24.0	0.189716	-1.07122	0.978219
26.125	0.0	-0.0955679	-0.949396	0.947984	1.0	-0.144591	-0.919922	1.2553	2.0	-0.197018	-0.877941	1.55691	3.0	-0.186293	-0.875301	1.68824	4.0	-0.342689	-0.868025	1.43531	5.0	-0.40852	-0.829719	1.23116	6.0	-0.379386	-0.671709	1.0632	7.0	-0.365806	-0.603341	0.973996	8.0	-0.0297945	-0.889493	1.46084	9.0	0.100812	-1.00576	1.24507	10.0	0.20056	-1.0796	1.04948	11.0	0.224734	-1.07085	0.985452	12.0	-0.17191	-0.917148	0.938562	13.0	-0.240567	-1.00769	0.55011	14.0	-0.242916	-1.1368	0.193446	15.0	-0.236686	-1.07906	0.114558	16.0	-0.0443547	-0.913574	0.958422	17.0	0.0039361	-0.920091	0.546122	18.0	0.0357735	-0.878209	0.185723	19.0	0.0400035	-0.798827	0.117475	20.0	-0.183234	-0.890676	1.48233	21.0	-0.351331	-0.565902	0.92466	22.0	-0.389057	-0.566568	0.966212	23.0	0.233038	-1.06449	0.932916	24.0	0.224447	-1.02867	0.973012
26.159	0.0	-0.0869754	-0.933054	0.947781	1.0	-0.137764	-0.906441	1.25449	2.0	-0.192008	-0.867866	1.55567	3.0	-0.179537	-0.860882	1.68529	4.0	-0.331387	-0.860254	1.43378	5.0	-0.384789	-0.824438	1.22246	6.0	-0.380035	-0.686678	1.03441	7.0	-0.377444	-0.630305	0.940142	8.0	-0.0100564	-0.879316	1.46616	9.0	0.121262	-0.970328	1.23539	10.0	0.220942	-1.03509	1.06618	11.0	0.252397	-1.02557	0.985791	12.0	-0.163324	-0.902266	0.938144	13.0	-0.237045	-0.965213	0.538364	14.0	-0.242291	-1.12835	0.189015	15.0	-0.238007	-1.07449	0.109639	16.0	-0.0359195	-0.895991	0.958254	17.0	0.0075127	-0.907961	0.548036	18.0	0.0341216	-0.874359	0.181774	19.0	0.0402997	-0.797073	0.113698	20.0	-0.177771	-0.879734	1.48118	21.0	-0.374215	-0.60431	0.889092	22.0	-0.411628	-0.598429	0.910436	23.0	0.268208	-1.05046	0.93228	24.0	0.244098	-0.977426	0.985633
26.192	0.0	-0.0745019	-0.903146	0.948321	1.0	-0.121943	-0.882998	1.25599	2.0	-0.172815	-0.849823	1.55793	3.0	-0.165002	-0.836598	1.69058	4.0	-0.320235	-0.848918	1.43116	5.0	-0.373981	-0.822094	1.20761	6.0	-0.372382	-0.704593	0.975082	7.0	-0.384989	-0.663378	0.903637	8.0	0.0189769	-0.858197	1.4653	9.0	0.161072	-0.954662	1.24392	10.0	0.274055	-0.98441	1.02045	11.0	0.286625	-0.988531	0.977003	12.0	-0.154914	-0.875933	0.941688	13.0	-0.212572	-0.909025	0.559459	14.0	-0.244569	-1.10352	0.184494	15.0	-0.238362	-1.06936	0.102669	16.0	-0.0189521	-0.861949	0.955164	17.0	0.018596	-0.890875	0.549784	18.0	0.0339774	-0.874002	0.182145	19.0	0.0418764	-0.795202	0.114984	20.0	-0.159435	-0.860399	1.48327	21.0	-0.390282	-0.648819	0.848846	22.0	-0.385662	-0.621177	0.92227	23.0	0.300745	-0.997397	0.930579	24.0	0.267519	-0.940694	0.999256
26.225	0.0	-0.0702032	-0.889083	0.949596	1.0	-0.117617	-0.869986	1.25742	2.0	-0.168817	-0.839187	1.55938	3.0	-0.157154	-0.820071	1.6998	4.0	-0.305595	-0.839487	1.4324	5.0	-0.36115	-0.82572	1.19767	6.0	-0.37609	-0.718294	0.951982	7.0	-0.390863	-0.69494	0.884939	8.0	0.0315072	-0.840204	1.467	9.0	0.17798	-0.915464	1.24337	10.0	0.282727	-0.924654	1.06126	11.0	0.308279	-0.922196	0.998156	12.0	-0.15138	-0.861496	0.944882	13.0	-0.194401	-0.870835	0.554026	14.0	-0.250566	-1.08186	0.182053	15.0	-0.239533	-1.04892	0.100958	16.0	-0.0145175	-0.848809	0.954823	17.0	0.0261061	-0.879252	0.554799	18.0	0.034209	-0.873344	0.183105	19.0	0.0420766	-0.795099	0.115127	20.0	-0.155308	-0.849082	1.48473	21.0	-0.392205	-0.681243	0.823531	22.0	-0.423909	-0.671796	0.889896	23.0	0.333844	-0.97151	0.943985	24.0	0.308786	-0.890516	0.983849
26.259	0.0	-0.058896	-0.868473	0.951035	1.0	-0.101393	-0.843966	1.25629	2.0	-0.146666	-0.807053	1.55505	3.0	-0.150955	-0.794724	1.69854	4.0	-0.295642	-0.827974	1.43274	5.0	-0.357583	-0.829577	1.19437	6.0	-0.38668	-0.75907	0.943242	7.0	-0.399366	-0.733741	0.876409	8.0	0.0461215	-0.820001	1.47119	9.0	0.178597	-0.887019	1.25072	10.0	0.299229	-0.876316	1.07777	11.0	0.330165	-0.862723	1.00447	12.0	-0.141562	-0.844075	0.948443	13.0	-0.217521	-0.821003	0.557789	14.0	-0.238915	-1.02555	0.169617	15.0	-0.250706	-0.897753	0.127438	16.0	-0.00206028	-0.824794	0.953897	17.0	0.0274216	-0.875445	0.554769	18.0	0.035382	-0.87299	0.183562	19.0	0.0417699	-0.795655	0.114192	20.0	-0.1347	-0.818509	1.48126	21.0	-0.408733	-0.723044	0.816909	22.0	-0.436771	-0.712134	0.877377	23.0	0.35547	-0.880838	0.935184	24.0	0.340546	-0.8442	0.994919
26.292	0.0	-0.0536859	-0.848372	0.952124	1.0	-0.0973426	-0.831515	1.25693	2.0	-0.144249	-0.801095	1.5556	3.0	-0.143334	-0.779912	1.69501	4.0	-0.290186	-0.821305	1.43158	5.0	-0.348626	-0.845097	1.16711	6.0	-0.387522	-0.782325	0.935517	7.0	-0.407043	-0.777778	0.869304	8.0	0.0488756	-0.788642	1.46922	9.0	0.206268	-0.827165	1.26113	10.0	0.320595	-0.819191	1.08324	11.0	0.3481	-0.798493	1.01366	12.0	-0.13802	-0.82635	0.951108	13.0	-0.214163	-0.773205	0.563337	14.0	-0.232848	-0.998677	0.176794	15.0	-0.237784	-0.94997	0.0940437	16.0	0.00459452	-0.802561	0.953442	17.0	0.031492	-0.868267	0.551489	18.0	0.0364062	-0.871938	0.18366	19.0	0.0417562	-0.795656	0.112923	20.0	-0.131861	-0.811096	1.48182	21.0	-0.428527	-0.756129	0.80927	22.0	-0.441837	-0.75348	0.873423	23.0	0.384329	-0.818489	0.941458	24.0	0.345267	-0.762023	0.988991
26.326	0.0	-0.0472254	-0.834564	0.952949	1.0	-0.0890554	-0.810336	1.25823	2.0	-0.134965	-0.774047	1.55762	3.0	-0.136795	-0.749371	1.69601	4.0	-0.283896	-0.813899	1.42973	5.0	-0.342381	-0.85326	1.16575	6.0	-0.38918	-0.835698	0.923793	7.0	-0.40411	-0.833765	0.867476	8.0	0.0585781	-0.764769	1.47085	9.0	0.208416	-0.801266	1.26689	10.0	0.340212	-0.746917	1.07922	11.0	0.361665	-0.721782	1.0122	12.0	-0.131592	-0.813526	0.953599	13.0	-0.205833	-0.736846	0.573439	14.0	-0.226557	-0.929881	0.180903	15.0	-0.273845	-0.902388	0.104942	16.0	0.0107885	-0.787803	0.952696	17.0	0.0340293	-0.860785	0.550416	18.0	0.037376	-0.871012	0.183249	19.0	0.0417944	-0.795394	0.112534	20.0	-0.1227	-0.785242	1.48363	21.0	-0.410105	-0.839591	0.796628	22.0	-0.441883	-0.820364	0.845085	23.0	0.379755	-0.703636	0.957391	24.0	0.367104	-0.700614	1.02228
26.359	0.0	-0.0391766	-0.814455	0.958167	1.0	-0.0856584	-0.789913	1.25946	2.0	-0.13583	-0.752503	1.55506	3.0	-0.1351	-0.731562	1.69112	4.0	-0.278207	-0.801712	1.43117	5.0	-0.332739	-0.862479	1.162	6.0	-0.382937	-0.871812	0.928603	7.0	-0.402637	-0.885373	0.86443	8.0	0.0709708	-0.743066	1.47247	9.0	0.217127	-0.761908	1.26844	10.0	0.334993	-0.704523	1.09824	11.0	0.35984	-0.669544	1.04524	12.0	-0.123443	-0.797385	0.956799	13.0	-0.203654	-0.698132	0.550037	14.0	-0.228088	-0.863674	0.174018	15.0	-0.175033	-0.803199	0.104829	16.0	0.0182536	-0.763374	0.960342	17.0	0.037082	-0.84706	0.557425	18.0	0.0380231	-0.870381	0.183897	19.0	0.0420475	-0.795751	0.112894	20.0	-0.122506	-0.764165	1.48203	21.0	-0.404964	-0.899543	0.802775	22.0	-0.437701	-0.85703	0.870966	23.0	0.386228	-0.642066	0.986641	24.0	0.355349	-0.621662	1.04205
26.392	0.0	-0.037892	-0.80135	0.957963	1.0	-0.0827311	-0.771338	1.26099	2.0	-0.131127	-0.72923	1.55867	3.0	-0.132204	-0.700448	1.69125	4.0	-0.27341	-0.785695	1.43266	5.0	-0.328768	-0.866197	1.1625	6.0	-0.377714	-0.904303	0.930336	7.0	-0.397111	-0.928766	0.871967	8.0	0.0738428	-0.71334	1.47544	9.0	0.219784	-0.726475	1.26927	10.0	0.336652	-0.643617	1.10688	11.0	0.359023	-0.606175	1.04721	12.0	-0.121145	-0.785701	0.957421	13.0	-0.200204	-0.664802	0.558498	14.0	-0.223785	-0.785945	0.159802	15.0	-0.224067	-0.723044	0.082372	16.0	0.0183593	-0.749225	0.959098	17.0	0.0367715	-0.838087	0.549947	18.0	0.0364999	-0.866883	0.185125	19.0	0.0422806	-0.795665	0.112377	20.0	-0.118273	-0.741935	1.48508	21.0	-0.404907	-0.930928	0.810955	22.0	-0.430727	-0.912766	0.861924	23.0	0.388044	-0.57584	0.981281	24.0	0.340194	-0.584349	1.08071
26.425	0.0	-0.0382531	-0.776691	0.955685	1.0	-0.0810053	-0.740745	1.25539	2.0	-0.127271	-0.692702	1.54873	3.0	-0.130953	-0.677334	1.68673	4.0	-0.269157	-0.76171	1.43307	5.0	-0.323703	-0.865969	1.17038	6.0	-0.377527	-0.91839	0.941435	7.0	-0.390616	-0.958792	0.883773	8.0	0.0680921	-0.674023	1.47474	9.0	0.218567	-0.682981	1.27111	10.0	0.34111	-0.598295	1.11403	11.0	0.337495	-0.564329	1.08485	12.0	-0.121066	-0.763969	0.953967	13.0	-0.197981	-0.639005	0.55951	14.0	-0.203272	-0.694482	0.152366	15.0	-0.237406	-0.570965	0.10819	16.0	0.0174796	-0.721737	0.958162	17.0	0.0392327	-0.82897	0.538	18.0	0.0361578	-0.864724	0.18444	19.0	0.0451643	-0.791549	0.113196	20.0	-0.114965	-0.706931	1.47631	21.0	-0.400159	-0.984007	0.827739	22.0	-0.419307	-0.918939	0.904269	23.0	0.364326	-0.506294	1.02031	24.0	0.322243	-0.501517	1.05873
26.459	0.0	-0.0390203	-0.763722	0.953586	1.0	-0.0819039	-0.726308	1.25412	2.0	-0.128592	-0.677355	1.54867	3.0	-0.132986	-0.652896	1.68441	4.0	-0.267874	-0.746145	1.43247	5.0	-0.320558	-0.863349	1.1759	6.0	-0.356819	-0.939659	0.982013	7.0	-0.380318	-0.983492	0.902362	8.0	0.0632555	-0.650084	1.47371	9.0	0.222228	-0.657394	1.27311	10.0	0.319893	-0.542043	1.11531	11.0	0.342185	-0.48856	1.05808	12.0	-0.122267	-0.750372	0.952387	13.0	-0.19439	-0.615587	0.554989	14.0	-0.201215	-0.616791	0.175562	15.0	-0.228369	-0.517566	0.0924576	16.0	0.017106	-0.70952	0.955527	17.0	0.0413268	-0.821843	0.534189	18.0	0.0357564	-0.862382	0.181024	19.0	0.0479225	-0.790637	0.110201	20.0	-0.116156	-0.69175	1.47591	21.0	-0.381322	-1.01646	0.84033	22.0	-0.415294	-0.954467	0.901505	23.0	0.367159	-0.450482	1.00098	24.0	0.319468	-0.443141	1.0388
26.492	0.0	-0.0391586	-0.740408	0.952508	1.0	-0.0833875	-0.694236	1.25094	2.0	-0.132085	-0.635186	1.543	3.0	-0.138329	-0.620123	1.68132	4.0	-0.268944	-0.715537	1.43371	5.0	-0.314425	-0.853646	1.18811	6.0	-0.352114	-0.936039	0.997137	7.0	-0.372493	-0.98732	0.915418	8.0	0.0593355	-0.615424	1.47105	9.0	0.210309	-0.60229	1.28726	10.0	0.308491	-0.498241	1.11752	11.0	0.327363	-0.438159	1.06499	12.0	-0.121815	-0.728851	0.950629	13.0	-0.192872	-0.594047	0.549783	14.0	-0.209352	-0.55043	0.204524	15.0	-0.221225	-0.446221	0.112375	16.0	0.0162259	-0.684444	0.955124	17.0	0.0454895	-0.805851	0.515923	18.0	0.0272302	-0.852842	0.161582	19.0	0.0554033	-0.780626	0.0985815	20.0	-0.11908	-0.652227	1.47088	21.0	-0.376937	-1.02163	0.850519	22.0	-0.406373	-0.975195	0.905085	23.0	0.347446	-0.393249	1.0089	24.0	0.315599	-0.394413	1.07966
26.525	0.0	-0.0348844	-0.727635	0.950221	1.0	-0.0815498	-0.679172	1.25043	2.0	-0.132764	-0.618534	1.54476	3.0	-0.139454	-0.599856	1.68078	4.0	-0.268795	-0.690454	1.42689	5.0	-0.306515	-0.843485	1.19041	6.0	-0.342028	-0.939746	1.00678	7.0	-0.363179	-0.992953	0.928887	8.0	0.0528832	-0.589214	1.4674	9.0	0.213454	-0.568453	1.26998	10.0	0.31083	-0.463737	1.10541	11.0	0.314057	-0.397632	1.06743	12.0	-0.115059	-0.71937	0.948346	13.0	-0.184241	-0.583511	0.554704	14.0	-0.196645	-0.501588	0.206149	15.0	-0.219391	-0.385892	0.124316	16.0	0.0175624	-0.667028	0.952701	17.0	0.0467233	-0.796938	0.516746	18.0	0.0294931	-0.842964	0.1665	19.0	0.0563133	-0.7799	0.098393	20.0	-0.119128	-0.635895	1.47204	21.0	-0.371666	-1.02245	0.872844	22.0	-0.396934	-0.96916	0.926479	23.0	0.342046	-0.364161	1.00438	24.0	0.307512	-0.342975	1.06579
26.559	0.0	-0.0378922	-0.695754	0.943936	1.0	-0.0855022	-0.645944	1.24367	2.0	-0.137271	-0.585146	1.53767	3.0	-0.147834	-0.554805	1.66607	4.0	-0.272828	-0.658722	1.42488	5.0	-0.307099	-0.820001	1.19421	6.0	-0.339465	-0.931307	1.01983	7.0	-0.359413	-0.978948	0.933954	8.0	0.0514132	-0.564278	1.4655	9.0	0.202038	-0.548745	1.26918	10.0	0.287675	-0.418346	1.11485	11.0	0.297886	-0.350991	1.06336	12.0	-0.118292	-0.682813	0.937522	13.0	-0.181195	-0.53656	0.522209	14.0	-0.194172	-0.478966	0.192291	15.0	-0.205134	-0.354284	0.119121	16.0	0.0149871	-0.641442	0.95058	17.0	0.0507278	-0.782969	0.520142	18.0	0.0343616	-0.830335	0.159826	19.0	0.0634323	-0.767627	0.0927842	20.0	-0.123532	-0.602455	1.46502	21.0	-0.358557	-1.03224	0.871678	22.0	-0.39517	-0.966826	0.925677	23.0	0.322676	-0.32324	1.01038	24.0	0.279463	-0.318936	1.06873
26.592	0.0	-0.0402872	-0.667211	0.933625	1.0	-0.0925966	-0.615198	1.23418	2.0	-0.149717	-0.550752	1.52875	3.0	-0.151353	-0.541964	1.66433	4.0	-0.282496	-0.629234	1.42096	5.0	-0.312324	-0.778089	1.18723	6.0	-0.338399	-0.907695	1.02615	7.0	-0.357229	-0.957005	0.937164	8.0	0.0416017	-0.529609	1.4554	9.0	0.191856	-0.509804	1.26773	10.0	0.278829	-0.389789	1.10621	11.0	0.281066	-0.321551	1.06362	12.0	-0.123585	-0.651571	0.936038	13.0	-0.175738	-0.519918	0.519432	14.0	-0.18037	-0.427702	0.148117	15.0	-0.199492	-0.328816	0.0947528	16.0	0.0152191	-0.613267	0.930954	17.0	0.0566645	-0.768605	0.507634	18.0	0.0356148	-0.815634	0.156856	19.0	0.074645	-0.764208	0.0921852	20.0	-0.134562	-0.569102	1.45597	21.0	-0.362084	-0.987012	0.883807	22.0	-0.387478	-0.952175	0.93226	23.0	0.301801	-0.287506	1.01299	24.0	0.255072	-0.275191	1.05861
26.625	0.0	-0.0417611	-0.645394	0.931662	1.0	-0.0967346	-0.591662	1.23303	2.0	-0.156088	-0.526583	1.52855	3.0	-0.158162	-0.513474	1.66505	4.0	-0.292116	-0.583165	1.41851	5.0	-0.312557	-0.759788	1.1983	6.0	-0.339234	-0.8748	1.02493	7.0	-0.353085	-0.934656	0.940999	8.0	0.033551	-0.50278	1.45167	9.0	0.173941	-0.491213	1.27289	10.0	0.258324	-0.366827	1.1124	11.0	0.263623	-0.293411	1.06153	12.0	-0.125414	-0.630276	0.936755	13.0	-0.174662	-0.483982	0.520669	14.0	-0.178549	-0.429353	0.159889	15.0	-0.193768	-0.33186	0.0952276	16.0	0.0141189	-0.593725	0.927366	17.0	0.0635244	-0.725407	0.534584	18.0	0.0435733	-0.812992	0.167301	19.0	0.0732195	-0.764292	0.0964841	20.0	-0.140439	-0.544978	1.45553	21.0	-0.369253	-0.983245	0.88258	22.0	-0.381258	-0.959813	0.91041	23.0	0.283916	-0.255591	1.00791	24.0	0.240253	-0.245723	1.04913
26.659	0.0	-0.0471087	-0.615269	0.936429	1.0	-0.102748	-0.564141	1.23396	2.0	-0.1626	-0.500912	1.5259	3.0	-0.162086	-0.481474	1.66247	4.0	-0.293435	-0.578702	1.41817	5.0	-0.326229	-0.721823	1.17687	6.0	-0.340172	-0.853059	1.01526	7.0	-0.35997	-0.900363	0.931316	8.0	0.0267972	-0.481847	1.44805	9.0	0.164745	-0.466238	1.25549	10.0	0.256782	-0.345975	1.09632	11.0	0.254142	-0.271402	1.05181	12.0	-0.128842	-0.608861	0.93503	13.0	-0.172325	-0.4611	0.523424	14.0	-0.177154	-0.429653	0.165693	15.0	-0.187653	-0.333769	0.0918956	16.0	0.0059316	-0.551232	0.941561	17.0	0.0642075	-0.717161	0.533502	18.0	0.043787	-0.799915	0.170724	19.0	0.0764493	-0.762819	0.100475	20.0	-0.14683	-0.518931	1.45377	21.0	-0.368931	-0.946021	0.87018	22.0	-0.38961	-0.869874	0.941694	23.0	0.274415	-0.241566	1.00064	24.0	0.23301	-0.221989	1.04137
26.692	0.0	-0.0538175	-0.58423	0.929197	1.0	-0.111274	-0.534075	1.23095	2.0	-0.172795	-0.472126	1.52665	3.0	-0.167518	-0.445405	1.65735	4.0	-0.310622	-0.523223	1.40859	5.0	-0.347755	-0.67632	1.17006	6.0	-0.365281	-0.820982	0.941504	7.0	-0.37338	-0.865993	0.905207	8.0	0.016987	-0.4504	1.44579	9.0	0.153054	-0.453301	1.25463	10.0	0.250329	-0.341151	1.09296	11.0	0.241175	-0.244854	1.02984	12.0	-0.141324	-0.558412	0.927468	13.0	-0.172139	-0.443343	0.525955	14.0	-0.17695	-0.426785	0.166573	15.0	-0.185421	-0.335021	0.0912996	16.0	0.00404342	-0.538784	0.934634	17.0	0.0622949	-0.695729	0.526771	18.0	0.0457338	-0.795075	0.172497	19.0	0.0751029	-0.756695	0.100929	20.0	-0.156628	-0.489785	1.45361	21.0	-0.373025	-0.912212	0.856132	22.0	-0.400841	-0.86426	0.908472	23.0	0.25772	-0.215629	0.983536	24.0	0.212202	-0.223226	1.0404
26.725	0.0	-0.0588856	-0.564893	0.932489	1.0	-0.118233	-0.509104	1.23438	2.0	-0.181897	-0.441154	1.53011	3.0	-0.168746	-0.429631	1.66101	4.0	-0.316979	-0.501409	1.41307	5.0	-0.356722	-0.631892	1.16852	6.0	-0.371879	-0.740348	0.985549	7.0	-0.389563	-0.789835	0.906651	8.0	0.0133491	-0.4357	1.4459	9.0	0.144306	-0.445941	1.2468	10.0	0.230055	-0.325073	1.08374	11.0	0.233768	-0.250389	1.01933	12.0	-0.144747	-0.546203	0.932278	13.0	-0.172958	-0.429002	0.531134	14.0	-0.178375	-0.423305	0.16705	15.0	-0.185217	-0.335171	0.09126	16.0	-0.00131667	-0.516056	0.933553	17.0	0.064121	-0.675764	0.526179	18.0	0.0469316	-0.790879	0.172438	19.0	0.0778183	-0.754195	0.102082	20.0	-0.16517	-0.46035	1.45708	21.0	-0.389341	-0.826921	0.847561	22.0	-0.413773	-0.79802	0.888515	23.0	0.253833	-0.229111	0.964787	24.0	0.209115	-0.21196	1.02965
26.759	0.0	-0.0625791	-0.540542	0.938268	1.0	-0.121962	-0.486169	1.23967	2.0	-0.185437	-0.420389	1.53487	3.0	-0.171089	-0.399055	1.66531	4.0	-0.32653	-0.462759	1.41737	5.0	-0.367771	-0.591956	1.16285	6.0	-0.392191	-0.666997	0.964941	7.0	-0.409548	-0.71404	0.888218	8.0	0.00793853	-0.415802	1.44767	9.0	0.136142	-0.437562	1.24745	10.0	0.223289	-0.32155	1.08158	11.0	0.221397	-0.255545	1.01367	12.0	-0.147121	-0.520726	0.932948	13.0	-0.174695	-0.411079	0.549074	14.0	-0.180832	-0.421821	0.16765	15.0	-0.18507	-0.335323	0.0913569	16.0	-0.00648112	-0.492224	0.944809	17.0	0.0683769	-0.617571	0.597941	18.0	0.0565476	-0.775947	0.18281	19.0	0.0790136	-0.739803	0.108591	20.0	-0.168776	-0.43898	1.46198	21.0	-0.398366	-0.766822	0.821196	22.0	-0.40474	-0.724768	0.871922	23.0	0.238075	-0.227095	0.956198	24.0	0.203147	-0.216039	1.00701
26.792	0.0	-0.0660483	-0.508444	0.94745	1.0	-0.125233	-0.4574	1.24706	2.0	-0.18853	-0.394548	1.54067	3.0	-0.170226	-0.376174	1.67524	4.0	-0.33291	-0.436818	1.42075	5.0	-0.3838	-0.541229	1.15502	6.0	-0.412044	-0.607637	0.927633	7.0	-0.429068	-0.628026	0.867688	8.0	0.0101287	-0.400935	1.44838	9.0	0.123895	-0.430117	1.24305	10.0	0.213466	-0.320761	1.07412	11.0	0.216741	-0.264744	0.997769	12.0	-0.152428	-0.485202	0.941623	13.0	-0.175508	-0.404362	0.539789	14.0	-0.180828	-0.417411	0.16705	15.0	-0.184476	-0.335137	0.0911989	16.0	-0.00823264	-0.46477	0.953832	17.0	0.0688313	-0.613953	0.586976	18.0	0.0661342	-0.761645	0.167043	19.0	0.107907	-0.711063	0.107195	20.0	-0.171912	-0.412432	1.46816	21.0	-0.428884	-0.647373	0.804421	22.0	-0.459476	-0.621132	0.855377	23.0	0.236615	-0.243467	0.940354	24.0	0.196745	-0.220062	0.987873
26.826	0.0	-0.0664864	-0.497365	0.946695	1.0	-0.127352	-0.443649	1.24837	2.0	-0.192725	-0.377736	1.54442	3.0	-0.170616	-0.359585	1.67922	4.0	-0.336225	-0.410087	1.42464	5.0	-0.39031	-0.490656	1.16185	6.0	-0.434922	-0.512384	0.914672	7.0	-0.447605	-0.529479	0.856066	8.0	0.0115147	-0.387457	1.45268	9.0	0.119444	-0.428033	1.24171	10.0	0.205744	-0.322842	1.06842	11.0	0.207954	-0.276833	0.988349	12.0	-0.154214	-0.469146	0.942264	13.0	-0.175851	-0.399248	0.535197	14.0	-0.180716	-0.415525	0.165533	15.0	-0.18383	-0.335449	0.0913272	16.0	-0.00774219	-0.457388	0.952252	17.0	0.0727303	-0.60342	0.573438	18.0	0.0864347	-0.737607	0.169082	19.0	0.136744	-0.655193	0.113316	20.0	-0.175548	-0.396419	1.47127	21.0	-0.448832	-0.553944	0.790982	22.0	-0.489393	-0.493581	0.855133	23.0	0.235553	-0.274441	0.923364	24.0	0.192576	-0.23842	0.981356
26.86	0.0	-0.0684371	-0.48239	0.945533	1.0	-0.129417	-0.419226	1.24905	2.0	-0.194434	-0.34253	1.54724	3.0	-0.164913	-0.338353	1.68268	4.0	-0.341739	-0.37513	1.4302	5.0	-0.403669	-0.430831	1.18594	6.0	-0.452757	-0.415262	0.916925	7.0	-0.466786	-0.415122	0.861154	8.0	0.0107195	-0.373971	1.45079	9.0	0.112744	-0.424967	1.23859	10.0	0.203336	-0.334421	1.06034	11.0	0.212676	-0.303525	0.978049	12.0	-0.154704	-0.453014	0.943776	13.0	-0.174747	-0.392186	0.536442	14.0	-0.180684	-0.410878	0.164575	15.0	-0.18337	-0.335686	0.0912723	16.0	-0.0108861	-0.444053	0.948437	17.0	0.0787841	-0.592458	0.527973	18.0	0.123241	-0.690932	0.169412	19.0	0.162681	-0.626487	0.114315	20.0	-0.177394	-0.364007	1.47356	21.0	-0.468096	-0.426757	0.797674	22.0	-0.504301	-0.388031	0.857649	23.0	0.233425	-0.294965	0.915612	24.0	0.209792	-0.262865	0.955846
26.892	0.0	-0.0715094	-0.467495	0.945287	1.0	-0.130941	-0.405138	1.25116	2.0	-0.194603	-0.330858	1.55081	3.0	-0.160469	-0.322552	1.69007	4.0	-0.338743	-0.348184	1.43305	5.0	-0.414035	-0.375668	1.1956	6.0	-0.459135	-0.325354	0.977995	7.0	-0.481399	-0.298473	0.889844	8.0	0.0101124	-0.365471	1.45248	9.0	0.110213	-0.421321	1.23141	10.0	0.20379	-0.339575	1.05117	11.0	0.204856	-0.320325	0.97051	12.0	-0.157817	-0.433215	0.946604	13.0	-0.175755	-0.387465	0.533254	14.0	-0.180156	-0.409008	0.16524	15.0	-0.182908	-0.335445	0.0915583	16.0	-0.0138606	-0.433414	0.945746	17.0	0.0868257	-0.5746	0.524128	18.0	0.169107	-0.632588	0.150434	19.0	0.221093	-0.56663	0.111634	20.0	-0.177869	-0.351626	1.47684	21.0	-0.506668	-0.287036	0.82624	22.0	-0.516274	-0.272194	0.884837	23.0	0.228131	-0.322335	0.904777	24.0	0.181498	-0.282274	0.968018
26.925	0.0	-0.0742253	-0.454736	0.944708	1.0	-0.129782	-0.391071	1.25454	2.0	-0.18867	-0.313989	1.5592	3.0	-0.151699	-0.300088	1.69277	4.0	-0.336478	-0.321689	1.43608	5.0	-0.425935	-0.319085	1.20701	6.0	-0.473484	-0.222184	0.976033	7.0	-0.491109	-0.18513	0.903305	8.0	0.0118053	-0.360596	1.45484	9.0	0.108933	-0.416281	1.22076	10.0	0.201765	-0.362151	1.03161	11.0	0.206514	-0.340729	0.959306	12.0	-0.158012	-0.420609	0.946801	13.0	-0.173455	-0.374581	0.537391	14.0	-0.180279	-0.408316	0.164118	15.0	-0.181843	-0.335552	0.0910877	16.0	-0.0192308	-0.42115	0.943892	17.0	0.094996	-0.548129	0.519576	18.0	0.180247	-0.605025	0.166251	19.0	0.242584	-0.52774	0.111887	20.0	-0.173277	-0.335549	1.48383	21.0	-0.501708	-0.163331	0.842029	22.0	-0.52918	-0.161561	0.888818	23.0	0.23687	-0.351897	0.892006	24.0	0.191187	-0.304621	0.95211
26.959	0.0	-0.0685154	-0.431085	0.945979	1.0	-0.126509	-0.373748	1.25774	2.0	-0.187829	-0.30366	1.5627	3.0	-0.147575	-0.294214	1.69553	4.0	-0.33347	-0.29973	1.43918	5.0	-0.426289	-0.27257	1.22987	6.0	-0.466737	-0.14488	1.0137	7.0	-0.493014	-0.086792	0.932729	8.0	0.012978	-0.357272	1.45427	9.0	0.108796	-0.415891	1.2173	10.0	0.201671	-0.374459	1.02591	11.0	0.207039	-0.360372	0.950596	12.0	-0.150789	-0.385823	0.94569	13.0	-0.174555	-0.368907	0.54047	14.0	-0.179991	-0.405802	0.16841	15.0	-0.178947	-0.34532	0.0941061	16.0	-0.0151172	-0.406992	0.946356	17.0	0.110415	-0.507813	0.530728	18.0	0.21714	-0.546828	0.182831	19.0	0.275046	-0.479881	0.128506	20.0	-0.171835	-0.323502	1.48741	21.0	-0.499048	-0.0740009	0.8756	22.0	-0.510884	-0.0773571	0.873162	23.0	0.224572	-0.371204	0.880763	24.0	0.204528	-0.329294	0.94172
26.992	0.0	-0.0635222	-0.41912	0.945527	1.0	-0.122531	-0.359256	1.25819	2.0	-0.185712	-0.287623	1.56426	3.0	-0.141745	-0.284224	1.70021	4.0	-0.330754	-0.274162	1.43892	5.0	-0.439517	-0.221415	1.24905	6.0	-0.478267	-0.0542285	1.04277	7.0	-0.49329	0.00858734	0.963911	8.0	0.0125707	-0.350564	1.45251	9.0	0.107789	-0.41475	1.2082	10.0	0.20083	-0.391668	1.01524	11.0	0.209964	-0.386132	0.938993	12.0	-0.14566	-0.374014	0.943219	13.0	-0.176844	-0.362757	0.539446	14.0	-0.18022	-0.405273	0.168804	15.0	-0.1782	-0.346066	0.0942452	16.0	-0.0107473	-0.396748	0.948162	17.0	0.113914	-0.483925	0.532465	18.0	0.219646	-0.512294	0.199287	19.0	0.291537	-0.436115	0.139431	20.0	-0.169133	-0.307671	1.48871	21.0	-0.487176	0.0350121	0.912071	22.0	-0.47655	0.0256916	0.917728	23.0	0.228704	-0.402465	0.875217	24.0	0.20891	-0.348625	0.925309
27.026	0.0	-0.0627974	-0.38901	0.94333	1.0	-0.120533	-0.340322	1.25988	2.0	-0.183103	-0.276822	1.56821	3.0	-0.133258	-0.262826	1.69894	4.0	-0.326854	-0.253567	1.43758	5.0	-0.447854	-0.178959	1.26099	6.0	-0.473643	0.0181436	1.06877	7.0	-0.488598	0.0753888	0.995687	8.0	0.0125831	-0.344853	1.44976	9.0	0.10669	-0.415122	1.19796	10.0	0.199122	-0.404649	1.00436	11.0	0.204906	-0.404345	0.93063	12.0	-0.147984	-0.336432	0.941654	13.0	-0.178668	-0.354967	0.54241	14.0	-0.180175	-0.405205	0.168544	15.0	-0.178415	-0.345923	0.0942928	16.0	-0.00771807	-0.373856	0.94593	17.0	0.128598	-0.455387	0.514758	18.0	0.262021	-0.45415	0.154778	19.0	0.320475	-0.385832	0.135574	20.0	-0.16662	-0.295141	1.49221	21.0	-0.484261	0.0950185	0.953556	22.0	-0.487441	0.0817258	0.936879	23.0	0.219635	-0.418123	0.871799	24.0	0.193837	-0.362343	0.940188
27.06	0.0	-0.063406	-0.373091	0.944417	1.0	-0.119163	-0.324874	1.26122	2.0	-0.17986	-0.264803	1.57037	3.0	-0.129101	-0.258802	1.70008	4.0	-0.321318	-0.230625	1.44295	5.0	-0.449698	-0.161319	1.26999	6.0	-0.462759	0.0432363	1.11826	7.0	-0.478814	0.146913	1.0277	8.0	0.00744419	-0.32849	1.44744	9.0	0.104486	-0.413887	1.19118	10.0	0.19621	-0.417797	0.998182	11.0	0.198438	-0.423472	0.922308	12.0	-0.148303	-0.322154	0.942211	13.0	-0.180293	-0.351838	0.542135	14.0	-0.182729	-0.405744	0.171363	15.0	-0.17901	-0.344217	0.0960868	16.0	-0.00831142	-0.357294	0.94751	17.0	0.130454	-0.420836	0.523333	18.0	0.270172	-0.40583	0.176016	19.0	0.326301	-0.341202	0.146653	20.0	-0.163786	-0.282049	1.49416	21.0	-0.47651	0.170646	1.00489	22.0	-0.494367	0.144652	0.988513	23.0	0.219214	-0.448936	0.866935	24.0	0.196021	-0.384009	0.917724
27.092	0.0	-0.0590669	-0.357674	0.946105	1.0	-0.116009	-0.313278	1.26348	2.0	-0.177414	-0.256518	1.57335	3.0	-0.121455	-0.250227	1.70327	4.0	-0.317961	-0.221189	1.44449	5.0	-0.458872	-0.147184	1.28293	6.0	-0.447488	0.0520586	1.17831	7.0	-0.467191	0.202828	1.06	8.0	0.00919899	-0.327165	1.44668	9.0	0.100495	-0.410094	1.19475	10.0	0.18659	-0.429259	1.00079	11.0	0.190315	-0.438863	0.922912	12.0	-0.142193	-0.304957	0.943037	13.0	-0.181946	-0.349207	0.540714	14.0	-0.182771	-0.405409	0.171567	15.0	-0.178701	-0.342934	0.0953499	16.0	-0.00553062	-0.343405	0.949937	17.0	0.131972	-0.385517	0.533715	18.0	0.253126	-0.367331	0.207677	19.0	0.318261	-0.301718	0.153447	20.0	-0.161202	-0.272943	1.49695	21.0	-0.462959	0.232872	1.04389	22.0	-0.473662	0.207525	1.02259	23.0	0.208285	-0.44307	0.870458	24.0	0.182299	-0.385478	0.935702
27.126	0.0	-0.0586959	-0.345636	0.9467	1.0	-0.113112	-0.301075	1.26555	2.0	-0.171691	-0.244276	1.57739	3.0	-0.114056	-0.239744	1.70532	4.0	-0.292036	-0.186294	1.45094	5.0	-0.444855	-0.103781	1.30428	6.0	-0.433091	0.103297	1.18846	7.0	-0.446888	0.253423	1.0876	8.0	0.00144674	-0.303069	1.45423	9.0	0.0955138	-0.403501	1.20375	10.0	0.162114	-0.427233	1.0027	11.0	0.183442	-0.441344	0.931511	12.0	-0.140799	-0.293964	0.943569	13.0	-0.183151	-0.34503	0.541735	14.0	-0.184681	-0.406977	0.172858	15.0	-0.177335	-0.349393	0.0996887	16.0	-0.00641635	-0.330479	0.950626	17.0	0.133608	-0.36646	0.53204	18.0	0.266792	-0.315379	0.194652	19.0	0.321157	-0.255574	0.141557	20.0	-0.156234	-0.260681	1.50045	21.0	-0.437008	0.283556	1.06854	22.0	-0.432866	0.268937	1.0496	23.0	0.185991	-0.442226	0.876298	24.0	0.173758	-0.400685	0.929104
27.159	0.0	-0.0584217	-0.336257	0.947632	1.0	-0.110251	-0.290609	1.26773	2.0	-0.165903	-0.232821	1.58109	3.0	-0.105239	-0.229896	1.70422	4.0	-0.28635	-0.176874	1.45206	5.0	-0.433919	-0.0769946	1.30981	6.0	-0.421985	0.149046	1.18998	7.0	-0.424711	0.290224	1.10827	8.0	0.00282844	-0.294265	1.457	9.0	0.0954531	-0.396503	1.20711	10.0	0.172045	-0.418968	0.967264	11.0	0.176391	-0.426257	0.921608	12.0	-0.137338	-0.286277	0.944432	13.0	-0.185226	-0.336603	0.549901	14.0	-0.185351	-0.406934	0.174389	15.0	-0.177493	-0.349318	0.101512	16.0	-0.0101417	-0.318104	0.951742	17.0	0.126326	-0.330712	0.538341	18.0	0.258301	-0.285218	0.194435	19.0	0.310053	-0.213688	0.144037	20.0	-0.151206	-0.249441	1.50374	21.0	-0.416112	0.316465	1.09833	22.0	-0.450065	0.29721	1.0887	23.0	0.17881	-0.412902	0.886658	24.0	0.158334	-0.403009	0.919627
27.192	0.0	-0.0627366	-0.308633	0.943567	1.0	-0.108434	-0.270381	1.26747	2.0	-0.159844	-0.218024	1.5835	3.0	-0.0988461	-0.217968	1.70651	4.0	-0.274745	-0.157794	1.4529	5.0	-0.428196	-0.0681003	1.31104	6.0	-0.399603	0.197152	1.19297	7.0	-0.402103	0.311601	1.12804	8.0	0.00677065	-0.279172	1.45946	9.0	0.0987443	-0.381507	1.20962	10.0	0.143255	-0.365551	0.966609	11.0	0.163346	-0.409136	0.937642	12.0	-0.14143	-0.261043	0.943266	13.0	-0.18637	-0.334345	0.545032	14.0	-0.18581	-0.406917	0.17386	15.0	-0.178806	-0.343113	0.10119	16.0	-0.0140809	-0.290123	0.944753	17.0	0.122364	-0.307514	0.53937	18.0	0.236644	-0.249735	0.199078	19.0	0.282861	-0.17099	0.138867	20.0	-0.146103	-0.23347	1.50555	21.0	-0.391648	0.34078	1.11561	22.0	-0.413518	0.321663	1.09384	23.0	0.151517	-0.396564	0.932587	24.0	0.137688	-0.379763	0.930464
27.226	0.0	-0.0618537	-0.2986	0.945541	1.0	-0.105613	-0.257723	1.27005	2.0	-0.154349	-0.204749	1.58701	3.0	-0.0917366	-0.204948	1.70778	4.0	-0.274812	-0.144046	1.45473	5.0	-0.421739	-0.0451329	1.31171	6.0	-0.391168	0.187064	1.20335	7.0	-0.37387	0.329889	1.13781	8.0	0.0114159	-0.265636	1.46301	9.0	0.103267	-0.367443	1.21314	10.0	0.144865	-0.361649	0.967966	11.0	0.176409	-0.354951	0.879526	12.0	-0.139928	-0.251638	0.944466	13.0	-0.185554	-0.331203	0.539885	14.0	-0.185439	-0.407024	0.174161	15.0	-0.178786	-0.342849	0.101418	16.0	-0.0139262	-0.278952	0.947597	17.0	0.110156	-0.277946	0.546533	18.0	0.230066	-0.23037	0.194467	19.0	0.273323	-0.150917	0.137171	20.0	-0.141286	-0.22015	1.50882	21.0	-0.361036	0.359409	1.12574	22.0	-0.378818	0.34457	1.09946	23.0	0.164492	-0.342427	0.874634	24.0	0.150549	-0.32569	0.872724
27.259	0.0	-0.0608513	-0.281531	0.949327	1.0	-0.101804	-0.244097	1.27206	2.0	-0.147919	-0.194014	1.5878	3.0	-0.0839175	-0.199143	1.70905	4.0	-0.276003	-0.131674	1.45938	5.0	-0.410609	-0.0334815	1.30481	6.0	-0.366651	0.213934	1.19744	7.0	-0.349036	0.34576	1.1396	8.0	0.0174477	-0.254839	1.46381	9.0	0.109336	-0.35613	1.214	10.0	0.150317	-0.352756	0.968796	11.0	0.181858	-0.346057	0.880362	12.0	-0.137591	-0.236587	0.948597	13.0	-0.183897	-0.326509	0.536986	14.0	-0.183486	-0.40705	0.174546	15.0	-0.17848	-0.342055	0.101447	16.0	-0.0145244	-0.259729	0.950854	17.0	0.106034	-0.261189	0.53838	18.0	0.222051	-0.178006	0.167773	19.0	0.241758	-0.064654	0.129338	20.0	-0.135507	-0.208758	1.50989	21.0	-0.331345	0.383388	1.13541	22.0	-0.36013	0.348163	1.10471	23.0	0.16992	-0.333545	0.875468	24.0	0.155948	-0.316823	0.873555
27.292	0.0	-0.0562648	-0.264179	0.944743	1.0	-0.0961967	-0.22808	1.26736	2.0	-0.141252	-0.180356	1.58305	3.0	-0.0813931	-0.186361	1.7053	4.0	-0.261187	-0.108319	1.44717	5.0	-0.408428	-0.0189401	1.29961	6.0	-0.356893	0.21193	1.19567	7.0	-0.321796	0.346962	1.1333	8.0	0.0239165	-0.241074	1.45907	9.0	0.11569	-0.342053	1.20943	10.0	0.0844224	-0.21455	0.944245	11.0	0.0740065	-0.187371	0.857815	12.0	-0.130933	-0.218437	0.94393	13.0	-0.183476	-0.319341	0.53608	14.0	-0.180623	-0.405569	0.174391	15.0	-0.17843	-0.340349	0.100754	16.0	-0.0119649	-0.243388	0.946442	17.0	0.0950546	-0.23425	0.53407	18.0	0.16999	-0.182941	0.175322	19.0	0.209683	-0.0950772	0.116297	20.0	-0.129074	-0.194425	1.50514	21.0	-0.305808	0.374805	1.1203	22.0	-0.32791	0.353593	1.09736	23.0	0.086552	-0.176294	0.789771	24.0	0.0645773	-0.158849	0.790096
27.325	0.0	-0.052913	-0.249793	0.940113	1.0	-0.0920225	-0.214943	1.26495	2.0	-0.136066	-0.168287	1.5825	3.0	-0.0783535	-0.174165	1.70375	4.0	-0.2593	-0.102725	1.44537	5.0	-0.396328	-0.00369111	1.29391	6.0	-0.345359	0.200354	1.19553	7.0	-0.299887	0.347014	1.12257	8.0	0.0290144	-0.228969	1.45852	9.0	0.120599	-0.329928	1.2091	10.0	0.085759	-0.208888	0.941784	11.0	0.0787458	-0.169354	0.853119	12.0	-0.128412	-0.204246	0.93941	13.0	-0.181636	-0.312248	0.533383	14.0	-0.178986	-0.404242	0.176579	15.0	-0.178367	-0.33861	0.100682	16.0	-0.00799698	-0.229037	0.941822	17.0	0.0883604	-0.221965	0.535407	18.0	0.134539	-0.177163	0.169304	19.0	0.181282	-0.0815738	0.110017	20.0	-0.12415	-0.182092	1.50415	21.0	-0.282666	0.387052	1.11225	22.0	-0.296623	0.336393	1.07579	23.0	0.0913385	-0.158153	0.78082	24.0	0.0686216	-0.144371	0.795868
27.359	0.0	-0.048461	-0.235734	0.936924	1.0	-0.0874175	-0.200445	1.2624	2.0	-0.131285	-0.15377	1.58067	3.0	-0.0746975	-0.162416	1.7049	4.0	-0.25604	-0.0917349	1.44258	5.0	-0.381459	0.00510127	1.2807	6.0	-0.317287	0.217112	1.17139	7.0	-0.280819	0.343863	1.10326	8.0	0.0337392	-0.214435	1.45669	9.0	0.125199	-0.315309	1.20744	10.0	0.0892033	-0.196121	0.939721	11.0	0.0846894	-0.15189	0.856734	12.0	-0.123556	-0.190472	0.935616	13.0	-0.17723	-0.300745	0.528219	14.0	-0.176867	-0.400032	0.17695	15.0	-0.178344	-0.336744	0.100636	16.0	-0.00414137	-0.214755	0.93929	17.0	0.0724658	-0.205583	0.524748	18.0	0.115145	-0.16637	0.169301	19.0	0.153274	-0.0684261	0.09822	20.0	-0.119408	-0.167537	1.50215	21.0	-0.25775	0.378058	1.08649	22.0	-0.281799	0.342799	1.06269	23.0	0.0965926	-0.137588	0.782314	24.0	0.0582748	-0.126775	0.86029
27.392	0.0	-0.0416963	-0.2175	0.92968	1.0	-0.0823391	-0.185224	1.25715	2.0	-0.127604	-0.141261	1.57712	3.0	-0.0671195	-0.136069	1.70146	4.0	-0.252867	-0.0773504	1.43741	5.0	-0.367223	0.0189274	1.2677	6.0	-0.307392	0.221878	1.14595	7.0	-0.271011	0.33713	1.0773	8.0	0.0373878	-0.201921	1.45314	9.0	0.128738	-0.302726	1.20405	10.0	0.0926676	-0.183464	0.93659	11.0	0.094271	-0.136872	0.850864	12.0	-0.11523	-0.173325	0.928155	13.0	-0.172824	-0.285194	0.528248	14.0	-0.175755	-0.396213	0.178076	15.0	-0.178331	-0.33139	0.100684	16.0	0.000806972	-0.195422	0.932369	17.0	0.061619	-0.191325	0.539504	18.0	0.0916705	-0.164417	0.166835	19.0	0.111368	-0.069448	0.0943876	20.0	-0.1154	-0.154378	1.4982	21.0	-0.245295	0.367113	1.06208	22.0	-0.277374	0.337819	1.03939	23.0	0.0937634	-0.127916	0.783655	24.0	0.0687765	-0.105384	0.854731
27.425	0.0	-0.0369296	-0.201228	0.925053	1.0	-0.0758703	-0.167661	1.25237	2.0	-0.11953	-0.12273	1.5724	3.0	-0.065873	-0.126919	1.70041	4.0	-0.250538	-0.0673976	1.43338	5.0	-0.347805	0.0300334	1.25437	6.0	-0.28275	0.251756	1.09511	7.0	-0.26502	0.320761	1.047	8.0	0.0454245	-0.18339	1.44841	9.0	0.136672	-0.284197	1.19939	10.0	0.100513	-0.164849	0.932065	11.0	0.0995292	-0.115277	0.85187	12.0	-0.109933	-0.159605	0.923752	13.0	-0.16358	-0.269177	0.514507	14.0	-0.174796	-0.390835	0.177122	15.0	-0.177935	-0.329255	0.0997464	16.0	0.00468617	-0.1766	0.927666	17.0	0.0606435	-0.187063	0.540801	18.0	0.082365	-0.166158	0.165948	19.0	0.108636	-0.0714955	0.0948625	20.0	-0.10771	-0.136054	1.49345	21.0	-0.243155	0.350888	1.02194	22.0	-0.280695	0.321955	1.01169	23.0	0.10008	-0.107437	0.786053	24.0	0.0758843	-0.0853657	0.843023
27.459	0.0	-0.0245477	-0.180622	0.914929	1.0	-0.0640542	-0.149777	1.24665	2.0	-0.10824	-0.107047	1.5704	3.0	-0.062317	-0.110634	1.69878	4.0	-0.241004	-0.0559918	1.42725	5.0	-0.33989	0.0267328	1.24284	6.0	-0.288317	0.213129	1.09117	7.0	-0.267273	0.292347	1.0195	8.0	0.0371713	-0.102673	1.41319	9.0	0.128254	-0.203503	1.16428	10.0	0.0919775	-0.0841076	0.897077	11.0	0.0819951	-0.0934852	0.8321	12.0	-0.102789	-0.144275	0.914647	13.0	-0.11141	-0.213933	0.517912	14.0	-0.17571	-0.377981	0.171929	15.0	-0.178097	-0.324152	0.0967719	16.0	0.0232278	-0.150177	0.916817	17.0	0.0673351	-0.17897	0.543174	18.0	0.0821801	-0.166134	0.165619	19.0	0.104865	-0.075431	0.0960188	20.0	-0.0962968	-0.11987	1.49057	21.0	-0.245825	0.325962	0.988229	22.0	-0.287148	0.307533	0.985931	23.0	0.0926969	-0.0956257	0.784731	24.0	0.0453229	-0.0663866	0.851165
27.493	0.0	-0.00627347	-0.154484	0.912329	1.0	-0.0520554	-0.127935	1.24447	2.0	-0.101607	-0.0895248	1.56898	3.0	-0.0563599	-0.0894309	1.70001	4.0	-0.237602	-0.0500324	1.42616	5.0	-0.329788	0.0241289	1.23552	6.0	-0.288757	0.199415	1.06048	7.0	-0.272827	0.267271	0.983863	8.0	0.0386872	-0.095284	1.41276	9.0	0.129753	-0.196132	1.16383	10.0	0.290574	-0.279825	0.952336	11.0	0.301877	-0.28967	0.909525	12.0	-0.087026	-0.11977	0.91035	13.0	-0.122602	-0.168039	0.537002	14.0	-0.179776	-0.367227	0.166447	15.0	-0.180525	-0.317461	0.0907615	16.0	0.0420177	-0.124278	0.916081	17.0	0.0783387	-0.166881	0.545294	18.0	0.0836721	-0.165252	0.165687	19.0	0.104497	-0.0755918	0.09569	20.0	-0.0884102	-0.101275	1.48894	21.0	-0.253571	0.293727	0.946483	22.0	-0.290978	0.275248	0.945591	23.0	0.318309	-0.315096	0.857869	24.0	0.288249	-0.30542	0.8925
27.526	0.0	0.0045576	-0.134755	0.917114	1.0	-0.0427412	-0.111489	1.24574	2.0	-0.0943637	-0.0764199	1.56752	3.0	-0.0514118	-0.0653432	1.69756	4.0	-0.232645	-0.0413931	1.4233	5.0	-0.310015	0.0141965	1.22179	6.0	-0.292965	0.163874	1.03965	7.0	-0.282588	0.227301	0.953381	8.0	0.0822946	-0.0868975	1.44254	9.0	0.211587	-0.190348	1.21421	10.0	0.320959	-0.242904	0.979796	11.0	0.333457	-0.247885	0.925088	12.0	-0.0775699	-0.0986165	0.913609	13.0	-0.118656	-0.127248	0.535277	14.0	-0.177805	-0.345165	0.15857	15.0	-0.182042	-0.304173	0.0814508	16.0	0.0543503	-0.10518	0.922313	17.0	0.083268	-0.158438	0.548092	18.0	0.0872913	-0.163306	0.164848	19.0	0.104053	-0.0755572	0.095333	20.0	-0.0805985	-0.0873224	1.48809	21.0	-0.264534	0.255336	0.906715	22.0	-0.309127	0.247617	0.925947	23.0	0.342911	-0.258069	0.872852	24.0	0.321575	-0.271647	0.924849
27.559	0.0	0.0255025	-0.103769	0.919925	1.0	-0.0266409	-0.0862525	1.24325	2.0	-0.0826065	-0.0561909	1.56045	3.0	-0.0474147	-0.0458965	1.69371	4.0	-0.22685	-0.0344311	1.42046	5.0	-0.28969	0.00695712	1.21183	6.0	-0.296938	0.14294	0.986236	7.0	-0.293068	0.187927	0.908006	8.0	0.0977671	-0.0808667	1.4379	9.0	0.234768	-0.172438	1.20811	10.0	0.353835	-0.186542	0.971212	11.0	0.37163	-0.188123	0.928227	12.0	-0.0624913	-0.0680077	0.917717	13.0	-0.154659	-0.0548059	0.573103	14.0	-0.185598	-0.270308	0.191227	15.0	-0.184784	-0.148584	0.154023	16.0	0.0809255	-0.0742624	0.923505	17.0	0.0890794	-0.149166	0.550526	18.0	0.0872576	-0.162855	0.164866	19.0	0.103489	-0.0761266	0.0949059	20.0	-0.0677972	-0.065921	1.48211	21.0	-0.279568	0.205237	0.862184	22.0	-0.327398	0.207916	0.9183	23.0	0.379612	-0.207357	0.878188	24.0	0.362377	-0.206833	0.903737
27.593	0.0	0.0252198	-0.0950412	0.920289	1.0	-0.022864	-0.0701261	1.24141	2.0	-0.0732914	-0.0311108	1.55428	3.0	-0.0448462	-0.0170475	1.68851	4.0	-0.2224	-0.0285092	1.41856	5.0	-0.28109	0.00298711	1.20384	6.0	-0.296276	0.105679	0.946573	7.0	-0.304141	0.135803	0.88022	8.0	0.107389	-0.0516945	1.43404	9.0	0.255672	-0.135569	1.20818	10.0	0.360749	-0.123971	1.02406	11.0	0.393118	-0.115868	0.95142	12.0	-0.0631754	-0.0625845	0.918864	13.0	-0.149504	-0.0292299	0.546174	14.0	-0.16997	-0.238283	0.159864	15.0	-0.180539	-0.197503	0.0826822	16.0	0.0808803	-0.0614801	0.922688	17.0	0.0913628	-0.14016	0.548865	18.0	0.0879275	-0.160592	0.164207	19.0	0.103609	-0.0758535	0.0945939	20.0	-0.0599477	-0.0431364	1.47724	21.0	-0.296451	0.138729	0.823371	22.0	-0.338317	0.159934	0.892415	23.0	0.423803	-0.139023	0.888036	24.0	0.39141	-0.124768	0.921327
27.626	0.0	0.0226101	-0.0828911	0.920787	1.0	-0.0221213	-0.0553884	1.24008	2.0	-0.0704016	-0.0160343	1.55157	3.0	-0.0456747	0.000343963	1.68691	4.0	-0.217921	-0.0197031	1.41516	5.0	-0.271368	-0.00603446	1.16627	6.0	-0.303357	0.0708802	0.932321	7.0	-0.315943	0.0882274	0.855054	8.0	0.132838	-0.044713	1.44334	9.0	0.271812	-0.114433	1.20501	10.0	0.388272	-0.0777213	1.02997	11.0	0.415858	-0.0535766	0.965209	12.0	-0.0652019	-0.0524884	0.920972	13.0	-0.153826	0.0184531	0.546164	14.0	-0.165401	-0.178405	0.171088	15.0	-0.188595	-0.138288	0.0945086	16.0	0.0773238	-0.0478417	0.921552	17.0	0.095708	-0.130093	0.545954	18.0	0.0878952	-0.159676	0.164078	19.0	0.103972	-0.0756918	0.0944015	20.0	-0.0574616	-0.0279405	1.47479	21.0	-0.304188	0.0773901	0.792411	22.0	-0.346662	0.122092	0.843042	23.0	0.452409	-0.0828614	0.895935	24.0	0.422432	-0.0703562	0.925671
27.66	0.0	0.022275	-0.0663474	0.923029	1.0	-0.0203682	-0.0336144	1.23899	2.0	-0.0672233	0.011392	1.54669	3.0	-0.047824	0.0331788	1.68212	4.0	-0.215318	-0.0130383	1.4145	5.0	-0.268449	-0.0136147	1.16212	6.0	-0.320081	0.0201456	0.920707	7.0	-0.326659	0.0252584	0.851926	8.0	0.138543	-0.0148517	1.44661	9.0	0.274976	-0.0608569	1.23609	10.0	0.397883	-0.0315754	1.06467	11.0	0.422844	0.00804836	0.993508	12.0	-0.0653459	-0.042549	0.9236	13.0	-0.141649	0.0448724	0.556723	14.0	-0.163532	-0.110709	0.168229	15.0	-0.183202	-0.060379	0.0933085	16.0	0.0764178	-0.0235396	0.923219	17.0	0.0992197	-0.118978	0.537904	18.0	0.0878414	-0.157621	0.163843	19.0	0.103951	-0.0756009	0.0943323	20.0	-0.0545894	-0.00201695	1.4709	21.0	-0.323695	0.0150876	0.781642	22.0	-0.35329	0.0664683	0.869473	23.0	0.453279	0.00793125	0.923628	24.0	0.439663	0.000947012	0.953884
27.692	0.0	0.021423	-0.0419818	0.926203	1.0	-0.020355	-0.0117439	1.24021	2.0	-0.0670776	0.0297367	1.54683	3.0	-0.0490916	0.057769	1.67868	4.0	-0.212295	-0.00240622	1.41401	5.0	-0.268748	-0.0268718	1.15777	6.0	-0.318889	-0.0236385	0.914466	7.0	-0.334358	-0.0248837	0.845942	8.0	0.136767	0.0227348	1.44603	9.0	0.284766	-0.0394567	1.22795	10.0	0.40652	0.0409661	1.06922	11.0	0.431027	0.0724893	0.998864	12.0	-0.0672931	-0.0225085	0.926557	13.0	-0.149596	0.100876	0.555036	14.0	-0.164999	-0.0376769	0.151659	15.0	-0.1901	0.0346664	0.0861483	16.0	0.0766523	0.00313585	0.926873	17.0	0.103221	-0.109184	0.534685	18.0	0.0881314	-0.155995	0.163404	19.0	0.104647	-0.0745321	0.0934483	20.0	-0.0544333	0.01729	1.47124	21.0	-0.334185	-0.0280904	0.779895	22.0	-0.316951	0.00819036	0.846824	23.0	0.470737	0.0588033	0.935291	24.0	0.446386	0.060878	0.960425
27.725	0.0	0.0211123	-0.0271082	0.925207	1.0	-0.0214233	0.0104901	1.23606	2.0	-0.0694416	0.0609499	1.53857	3.0	-0.0550094	0.0867612	1.67276	4.0	-0.212972	0.0101058	1.41271	5.0	-0.269289	-0.0357606	1.15669	6.0	-0.31662	-0.0794518	0.921673	7.0	-0.331916	-0.0894101	0.841018	8.0	0.136218	0.0514681	1.44433	9.0	0.29837	0.0211448	1.23098	10.0	0.418382	0.0973752	1.06888	11.0	0.438587	0.132411	1.00731	12.0	-0.0675927	-0.00879092	0.925203	13.0	-0.152136	0.126878	0.547372	14.0	-0.160922	0.0634042	0.146613	15.0	-0.194527	0.13756	0.0808196	16.0	0.076064	0.0195074	0.926471	17.0	0.111335	-0.0754626	0.563633	18.0	0.0870257	-0.153103	0.16215	19.0	0.105379	-0.0740074	0.0929989	20.0	-0.056416	0.046126	1.46409	21.0	-0.329037	-0.110453	0.775135	22.0	-0.318631	-0.0799263	0.807179	23.0	0.470947	0.130311	0.950646	24.0	0.4483	0.130791	1.0014
27.759	0.0	0.0177123	-0.00366478	0.92346	1.0	-0.0245591	0.0352075	1.23336	2.0	-0.0720601	0.0845313	1.53586	3.0	-0.0629806	0.118378	1.66958	4.0	-0.214305	0.0305153	1.40702	5.0	-0.267979	-0.0494765	1.15232	6.0	-0.316844	-0.109785	0.923338	7.0	-0.331169	-0.136102	0.853972	8.0	0.135188	0.0814708	1.44793	9.0	0.289316	0.0564934	1.25529	10.0	0.407793	0.142822	1.09624	11.0	0.420473	0.181911	1.04251	12.0	-0.0712536	0.0132192	0.923726	13.0	-0.147371	0.164097	0.539035	14.0	-0.166838	0.141602	0.174072	15.0	-0.189533	0.230169	0.0835906	16.0	0.0727292	0.0442499	0.924573	17.0	0.11477	-0.0721625	0.557283	18.0	0.0852308	-0.148673	0.160084	19.0	0.104652	-0.0726177	0.0927767	20.0	-0.059186	0.0702052	1.4613	21.0	-0.333331	-0.151247	0.790758	22.0	-0.32283	-0.125832	0.830284	23.0	0.450421	0.214429	0.983253	24.0	0.437452	0.210283	1.00827
27.793	0.0	0.0147822	0.017912	0.920128	1.0	-0.0287125	0.0621142	1.22785	2.0	-0.0778615	0.118528	1.52786	3.0	-0.0728175	0.150254	1.66208	4.0	-0.216162	0.0507561	1.40336	5.0	-0.266251	-0.0552402	1.15209	6.0	-0.318414	-0.155936	0.923287	7.0	-0.326713	-0.184295	0.862412	8.0	0.128361	0.1168	1.44859	9.0	0.285524	0.0953485	1.25297	10.0	0.400947	0.195196	1.09849	11.0	0.411942	0.24073	1.0498	12.0	-0.0743914	0.0325652	0.920674	13.0	-0.144307	0.183353	0.541113	14.0	-0.161343	0.210839	0.175766	15.0	-0.18892	0.30841	0.091123	16.0	0.0698471	0.0681139	0.921064	17.0	0.118059	-0.0652345	0.554061	18.0	0.0904299	-0.125349	0.163702	19.0	0.109711	-0.0622608	0.0912946	20.0	-0.064533	0.102256	1.45396	21.0	-0.30783	-0.220781	0.801447	22.0	-0.308947	-0.175193	0.838906	23.0	0.446631	0.268973	0.990528	24.0	0.430941	0.257696	1.03863
27.825	0.0	0.00385899	0.0496313	0.915167	1.0	-0.0366891	0.0940125	1.22285	2.0	-0.0827149	0.149056	1.52335	3.0	-0.0819569	0.179559	1.65501	4.0	-0.220864	0.0901857	1.39621	5.0	-0.266491	-0.054981	1.15295	6.0	-0.315479	-0.172691	0.929347	7.0	-0.321842	-0.217682	0.879724	8.0	0.112191	0.159585	1.4423	9.0	0.277586	0.131536	1.25129	10.0	0.38893	0.246343	1.10327	11.0	0.399814	0.294181	1.04956	12.0	-0.0859641	0.0631974	0.91642	13.0	-0.141339	0.213037	0.538676	14.0	-0.161205	0.275384	0.179634	15.0	-0.181014	0.38458	0.103964	16.0	0.0594609	0.100748	0.915535	17.0	0.11855	-0.0419121	0.559935	18.0	0.10719	-0.102514	0.237801	19.0	0.0746054	0.01448	0.195994	20.0	-0.0701748	0.133293	1.44928	21.0	-0.322782	-0.248486	0.823796	22.0	-0.303886	-0.208876	0.853988	23.0	0.436258	0.323084	0.992775	24.0	0.434424	0.321217	0.986904
27.859	0.0	-0.00635285	0.0777989	0.913254	1.0	-0.0464329	0.121216	1.21935	2.0	-0.0921595	0.176074	1.51823	3.0	-0.0899067	0.210846	1.65011	4.0	-0.226309	0.107563	1.39366	5.0	-0.267375	-0.0492391	1.15804	6.0	-0.312495	-0.190517	0.933695	7.0	-0.318742	-0.235151	0.890144	8.0	0.108255	0.180578	1.43764	9.0	0.27066	0.170359	1.25118	10.0	0.382943	0.275938	1.09775	11.0	0.375972	0.32673	1.06973	12.0	-0.0951864	0.0861378	0.912067	13.0	-0.139002	0.238195	0.520286	14.0	-0.154216	0.333647	0.143392	15.0	-0.179496	0.447567	0.0933321	16.0	0.0479877	0.135007	0.916633	17.0	0.119172	-0.0189541	0.572829	18.0	0.109784	-0.0971891	0.242879	19.0	0.12752	-0.0467435	0.141598	20.0	-0.0796851	0.160282	1.44457	21.0	-0.307416	-0.274576	0.834596	22.0	-0.30092	-0.20112	0.89699	23.0	0.400022	0.387706	1.01172	24.0	0.36622	0.365309	1.02221
27.893	0.0	-0.0174999	0.110272	0.904887	1.0	-0.0567577	0.156176	1.21038	2.0	-0.101473	0.213124	1.50867	3.0	-0.101664	0.237468	1.64614	4.0	-0.236388	0.144686	1.38883	5.0	-0.272329	-0.0286183	1.16586	6.0	-0.310548	-0.197132	0.938481	7.0	-0.314338	-0.242831	0.903187	8.0	0.0937175	0.222803	1.42467	9.0	0.256547	0.210901	1.24684	10.0	0.361791	0.332332	1.09899	11.0	0.371519	0.385955	1.0426	12.0	-0.110898	0.128448	0.904622	13.0	-0.134985	0.257764	0.51794	14.0	-0.149646	0.345536	0.146194	15.0	-0.169281	0.46517	0.0865567	16.0	0.0407451	0.158026	0.90776	17.0	0.117791	0.0178015	0.595447	18.0	0.112438	-0.0598655	0.266568	19.0	0.0770821	0.0565474	0.22413	20.0	-0.0892663	0.19685	1.43515	21.0	-0.308255	-0.299136	0.854618	22.0	-0.303398	-0.203788	0.896675	23.0	0.398809	0.416866	0.979545	24.0	0.366786	0.39721	1.00718
27.926	0.0	-0.0260293	0.140191	0.904568	1.0	-0.0659137	0.185065	1.20707	2.0	-0.111465	0.241455	1.50234	3.0	-0.111939	0.271778	1.63758	4.0	-0.245847	0.166976	1.38516	5.0	-0.279357	0.0035683	1.16276	6.0	-0.309421	-0.185153	0.951786	7.0	-0.315566	-0.229475	0.915786	8.0	0.0875902	0.241364	1.42328	9.0	0.245657	0.23948	1.24079	10.0	0.331786	0.377712	1.09326	11.0	0.350057	0.425958	1.03924	12.0	-0.119424	0.152994	0.904369	13.0	-0.133591	0.288175	0.519609	14.0	-0.146709	0.35679	0.144141	15.0	-0.162264	0.465034	0.0810716	16.0	0.0330333	0.191556	0.906819	17.0	0.11382	0.039485	0.599966	18.0	0.0746338	0.0128775	0.273973	19.0	0.138675	0.0595907	0.205749	20.0	-0.0990269	0.225274	1.42959	21.0	-0.311372	-0.263395	0.868714	22.0	-0.30692	-0.197629	0.902612	23.0	0.380552	0.45394	0.979942	24.0	0.373095	0.450842	0.974153
27.959	0.0	-0.0333891	0.170816	0.900249	1.0	-0.075358	0.213468	1.20429	2.0	-0.122754	0.267415	1.50096	3.0	-0.122665	0.304307	1.63609	4.0	-0.260038	0.206962	1.3795	5.0	-0.291607	0.0387324	1.16201	6.0	-0.310943	-0.129285	0.984385	7.0	-0.322491	-0.194739	0.920201	8.0	0.0719354	0.279459	1.41617	9.0	0.231326	0.271913	1.23263	10.0	0.33412	0.39142	1.08115	11.0	0.334611	0.463025	1.0243	12.0	-0.128979	0.185274	0.899898	13.0	-0.1363	0.326214	0.519582	14.0	-0.14535	0.360751	0.141634	15.0	-0.157771	0.461818	0.0790681	16.0	0.027288	0.221172	0.902613	17.0	0.112526	0.0698643	0.606067	18.0	0.0844553	0.0152461	0.283627	19.0	0.0150256	0.13715	0.241214	20.0	-0.109881	0.251865	1.42787	21.0	-0.292252	-0.254953	0.869433	22.0	-0.304893	-0.184951	0.910737	23.0	0.360378	0.483095	0.966811	24.0	0.372284	0.473178	0.951366
27.992	0.0	-0.0448618	0.200966	0.900867	1.0	-0.0871846	0.243887	1.20546	2.0	-0.135026	0.297967	1.50263	3.0	-0.128272	0.331664	1.63666	4.0	-0.266511	0.230783	1.38015	5.0	-0.299176	0.0890132	1.16333	6.0	-0.327664	-0.0653653	0.999609	7.0	-0.331902	-0.134905	0.932587	8.0	0.0698837	0.293254	1.4159	9.0	0.221763	0.292043	1.22246	10.0	0.31223	0.421742	1.0703	11.0	0.318733	0.486216	1.01282	12.0	-0.139757	0.215427	0.899235	13.0	-0.137255	0.345735	0.516262	14.0	-0.144771	0.365461	0.139599	15.0	-0.156335	0.461677	0.0768872	16.0	0.015227	0.250762	0.904539	17.0	0.113146	0.0858654	0.606614	18.0	0.0902189	0.0387089	0.282418	19.0	0.0163019	0.156371	0.236926	20.0	-0.122035	0.282402	1.42942	21.0	-0.32064	-0.206684	0.871044	22.0	-0.313283	-0.188226	0.876564	23.0	0.342931	0.505722	0.959397	24.0	0.337811	0.505305	0.947554
28.025	0.0	-0.0478802	0.223319	0.904847	1.0	-0.0922353	0.266876	1.20832	2.0	-0.142263	0.32183	1.50432	3.0	-0.134068	0.354505	1.64029	4.0	-0.277561	0.267853	1.38447	5.0	-0.309391	0.121955	1.16074	6.0	-0.340519	-0.0191667	0.982993	7.0	-0.346941	-0.0834141	0.908948	8.0	0.0624298	0.317771	1.41947	9.0	0.204237	0.30938	1.22266	10.0	0.300951	0.428941	1.06681	11.0	0.298633	0.495967	1.00623	12.0	-0.143845	0.241219	0.905858	13.0	-0.139661	0.36043	0.51831	14.0	-0.144484	0.373869	0.138587	15.0	-0.154568	0.461025	0.0758649	16.0	0.0129271	0.270174	0.906192	17.0	0.117011	0.104843	0.602407	18.0	0.095653	0.0566036	0.278341	19.0	0.0188966	0.172417	0.232561	20.0	-0.128707	0.306024	1.43141	21.0	-0.349582	-0.133019	0.851376	22.0	-0.33585	-0.0632626	0.888189	23.0	0.325291	0.512565	0.954182	24.0	0.327726	0.499616	0.939001
28.06	0.0	-0.0511855	0.247149	0.910047	1.0	-0.0973251	0.290319	1.21467	2.0	-0.149056	0.344732	1.51174	3.0	-0.137104	0.380219	1.64694	4.0	-0.28643	0.293127	1.38784	5.0	-0.32112	0.167928	1.16403	6.0	-0.365603	0.0372016	0.940937	7.0	-0.366853	-0.00899709	0.888468	8.0	0.0569731	0.337346	1.42181	9.0	0.186971	0.324911	1.22189	10.0	0.280316	0.438287	1.05968	11.0	0.278127	0.502542	0.996931	12.0	-0.146822	0.264805	0.910392	13.0	-0.142923	0.371914	0.522824	14.0	-0.144479	0.376658	0.13894	15.0	-0.153828	0.460177	0.0756167	16.0	0.00923906	0.293524	0.911607	17.0	0.115789	0.125291	0.595342	18.0	0.10349	0.0571202	0.27536	19.0	0.0262423	0.173964	0.231224	20.0	-0.135085	0.32908	1.43857	21.0	-0.350997	-0.0679695	0.820329	22.0	-0.368671	0.0412836	0.882557	23.0	0.303716	0.516243	0.934663	24.0	0.30281	0.514116	0.922861
28.093	0.0	-0.0622759	0.279139	0.91946	1.0	-0.107402	0.320135	1.22415	2.0	-0.158122	0.372346	1.5211	3.0	-0.140515	0.413193	1.66017	4.0	-0.296522	0.329847	1.39524	5.0	-0.340945	0.216111	1.16165	6.0	-0.38044	0.114534	0.932067	7.0	-0.387373	0.0768104	0.864736	8.0	0.0539599	0.350712	1.42696	9.0	0.173952	0.333902	1.22833	10.0	0.262314	0.444303	1.0613	11.0	0.260823	0.49852	0.991561	12.0	-0.158498	0.300627	0.921319	13.0	-0.146927	0.380901	0.527272	14.0	-0.145735	0.378594	0.140187	15.0	-0.153603	0.459814	0.0752665	16.0	-0.00144574	0.322151	0.919421	17.0	0.111439	0.145435	0.596096	18.0	0.122347	0.0381992	0.24574	19.0	0.0430443	0.158478	0.210323	20.0	-0.144403	0.357249	1.44799	21.0	-0.38001	0.0361912	0.802033	22.0	-0.38336	0.125397	0.868594	23.0	0.290332	0.505154	0.925794	24.0	0.28517	0.500672	0.921945
28.126	0.0	-0.0553775	0.288547	0.92225	1.0	-0.106018	0.333262	1.2287	2.0	-0.164118	0.392821	1.52882	3.0	-0.139487	0.423805	1.66342	4.0	-0.299818	0.352901	1.40067	5.0	-0.351758	0.264787	1.16462	6.0	-0.397321	0.203838	0.922914	7.0	-0.406891	0.173001	0.84736	8.0	0.0508451	0.366129	1.43036	9.0	0.166976	0.338288	1.2238	10.0	0.254686	0.445952	1.05482	11.0	0.247288	0.490634	0.98048	12.0	-0.149859	0.311815	0.922945	13.0	-0.149726	0.385731	0.531193	14.0	-0.149417	0.379273	0.141695	15.0	-0.153547	0.459528	0.0752963	16.0	0.00373886	0.329742	0.92302	17.0	0.112273	0.155129	0.589429	18.0	0.140332	0.0272315	0.166492	19.0	0.188398	0.0770359	0.101177	20.0	-0.148207	0.375549	1.45478	21.0	-0.406172	0.154438	0.78856	22.0	-0.394598	0.16832	0.811497	23.0	0.273633	0.496546	0.912436	24.0	0.24508	0.483161	0.95273
28.159	0.0	-0.0537653	0.302187	0.924668	1.0	-0.106697	0.349508	1.23219	2.0	-0.166053	0.407699	1.53213	3.0	-0.142675	0.445721	1.67284	4.0	-0.304831	0.379058	1.40243	5.0	-0.362399	0.315943	1.16152	6.0	-0.414882	0.301451	0.913224	7.0	-0.427412	0.293475	0.845327	8.0	0.046905	0.379278	1.43522	9.0	0.155802	0.343404	1.22191	10.0	0.246001	0.44246	1.0496	11.0	0.239603	0.48063	0.970356	12.0	-0.147388	0.325369	0.924187	13.0	-0.15363	0.390152	0.534688	14.0	-0.151249	0.37968	0.142923	15.0	-0.153391	0.458952	0.0751679	16.0	0.00418803	0.343149	0.926622	17.0	0.114876	0.173509	0.582169	18.0	0.155384	0.0434145	0.160718	19.0	0.206708	0.102551	0.101017	20.0	-0.150061	0.391172	1.45828	21.0	-0.432548	0.282874	0.77449	22.0	-0.412682	0.328177	0.844785	23.0	0.267898	0.478307	0.903399	24.0	0.265399	0.480547	0.896377
28.193	0.0	-0.0518594	0.312852	0.925211	1.0	-0.106897	0.36482	1.23527	2.0	-0.168734	0.429422	1.53852	3.0	-0.139558	0.458754	1.6755	4.0	-0.308269	0.409002	1.4054	5.0	-0.375697	0.367722	1.16755	6.0	-0.423011	0.396215	0.928656	7.0	-0.440688	0.408752	0.854552	8.0	0.0443329	0.388461	1.43699	9.0	0.148328	0.34832	1.21842	10.0	0.231086	0.438037	1.03775	11.0	0.231386	0.469511	0.964228	12.0	-0.144585	0.342207	0.926311	13.0	-0.157406	0.394132	0.535784	14.0	-0.153263	0.379884	0.145451	15.0	-0.153515	0.458564	0.0755143	16.0	0.00521171	0.348957	0.926195	17.0	0.117689	0.186338	0.518993	18.0	0.166877	0.089633	0.155334	19.0	0.23391	0.151952	0.0977523	20.0	-0.152113	0.411103	1.46377	21.0	-0.452482	0.409052	0.785119	22.0	-0.419749	0.430065	0.848418	23.0	0.257912	0.466064	0.896876	24.0	0.219678	0.461868	0.944526
28.225	0.0	-0.0512409	0.330905	0.923296	1.0	-0.107129	0.3812	1.23581	2.0	-0.169079	0.442875	1.54049	3.0	-0.138467	0.472265	1.67943	4.0	-0.308989	0.42965	1.40627	5.0	-0.380753	0.412237	1.17371	6.0	-0.429752	0.487499	0.937935	7.0	-0.450865	0.516534	0.864618	8.0	0.0438501	0.394171	1.43683	9.0	0.144301	0.352983	1.2081	10.0	0.229832	0.431635	1.02438	11.0	0.230924	0.454848	0.952517	12.0	-0.143874	0.364944	0.924129	13.0	-0.158769	0.398029	0.536346	14.0	-0.157706	0.378195	0.149731	15.0	-0.152154	0.452721	0.0778492	16.0	0.00539262	0.361273	0.924399	17.0	0.119096	0.204584	0.520423	18.0	0.194539	0.130014	0.169303	19.0	0.260039	0.196012	0.107368	20.0	-0.152497	0.425398	1.46549	21.0	-0.460429	0.531533	0.797987	22.0	-0.420477	0.524665	0.842434	23.0	0.251382	0.45301	0.887964	24.0	0.234243	0.440976	0.913439
28.259	0.0	-0.0512396	0.344718	0.921402	1.0	-0.108537	0.394607	1.23738	2.0	-0.171771	0.456517	1.54551	3.0	-0.13511	0.487696	1.68301	4.0	-0.311057	0.45921	1.40941	5.0	-0.386336	0.467619	1.18969	6.0	-0.432147	0.580507	0.957398	7.0	-0.45096	0.620815	0.88072	8.0	0.0426251	0.399669	1.43694	9.0	0.141362	0.355058	1.20199	10.0	0.22745	0.424395	1.01546	11.0	0.232518	0.437071	0.944502	12.0	-0.142342	0.379769	0.920913	13.0	-0.160551	0.401841	0.535086	14.0	-0.157939	0.378151	0.149803	15.0	-0.152154	0.452548	0.0779097	16.0	0.0037848	0.373727	0.923592	17.0	0.116569	0.24003	0.529994	18.0	0.215568	0.170603	0.167525	19.0	0.28913	0.245642	0.119433	20.0	-0.154879	0.438946	1.46963	21.0	-0.443635	0.631049	0.812564	22.0	-0.419845	0.633209	0.861155	23.0	0.250909	0.433243	0.8842	24.0	0.248831	0.399659	0.904538
28.293	0.0	-0.0473625	0.36443	0.918454	1.0	-0.107019	0.410927	1.23714	2.0	-0.17201	0.469381	1.54722	3.0	-0.133057	0.498863	1.68364	4.0	-0.311955	0.477173	1.4087	5.0	-0.398667	0.51731	1.20591	6.0	-0.436732	0.654703	0.996959	7.0	-0.448357	0.706215	0.913184	8.0	0.0420227	0.403255	1.43799	9.0	0.139678	0.356648	1.19816	10.0	0.219712	0.407002	1.004	11.0	0.237233	0.411911	0.93323	12.0	-0.134804	0.401025	0.918246	13.0	-0.161385	0.408319	0.531261	14.0	-0.158303	0.378058	0.149929	15.0	-0.152298	0.452249	0.0780682	16.0	0.00399116	0.391925	0.920395	17.0	0.126692	0.263066	0.525368	18.0	0.2413	0.221097	0.154985	19.0	0.310273	0.284178	0.105497	20.0	-0.154739	0.452661	1.47093	21.0	-0.442513	0.720733	0.85776	22.0	-0.4244	0.721616	0.887434	23.0	0.256267	0.401286	0.8707	24.0	0.2493	0.369195	0.900635
28.326	0.0	-0.0403712	0.387567	0.91902	1.0	-0.103697	0.429051	1.23799	2.0	-0.171684	0.482644	1.54838	3.0	-0.130611	0.510007	1.68353	4.0	-0.308615	0.506097	1.41249	5.0	-0.410977	0.554415	1.21798	6.0	-0.428836	0.715623	1.02563	7.0	-0.437128	0.780318	0.950083	8.0	0.032479	0.417449	1.4398	9.0	0.138736	0.358608	1.18038	10.0	0.225029	0.401781	0.98796	11.0	0.238801	0.395454	0.918475	12.0	-0.125563	0.430767	0.918507	13.0	-0.162234	0.413457	0.530973	14.0	-0.159331	0.378011	0.150412	15.0	-0.152232	0.452149	0.0781369	16.0	0.00834296	0.40847	0.921144	17.0	0.127924	0.311319	0.545736	18.0	0.252127	0.275346	0.165645	19.0	0.305387	0.337098	0.11974	20.0	-0.153739	0.467114	1.47203	21.0	-0.431619	0.811159	0.904032	22.0	-0.4251	0.820781	0.955732	23.0	0.248944	0.392381	0.863444	24.0	0.248236	0.345992	0.893637
28.359	0.0	-0.0389297	0.393229	0.919413	1.0	-0.102313	0.437677	1.23958	2.0	-0.170989	0.494198	1.5516	3.0	-0.128226	0.51928	1.68591	4.0	-0.30555	0.522233	1.41526	5.0	-0.414298	0.594652	1.23021	6.0	-0.415194	0.775003	1.05086	7.0	-0.419152	0.850649	0.981622	8.0	0.0304348	0.424898	1.43535	9.0	0.137744	0.360318	1.17676	10.0	0.221279	0.386973	0.981049	11.0	0.238002	0.374185	0.915313	12.0	-0.123147	0.437563	0.918956	13.0	-0.163335	0.415842	0.529458	14.0	-0.160624	0.377045	0.15127	15.0	-0.151967	0.451476	0.0780353	16.0	0.00873843	0.41267	0.921493	17.0	0.139465	0.334041	0.519156	18.0	0.277109	0.334935	0.147685	19.0	0.327881	0.392728	0.11592	20.0	-0.152802	0.477974	1.4748	21.0	-0.410437	0.883323	0.944258	22.0	-0.420769	0.890466	0.994821	23.0	0.246225	0.370573	0.861298	24.0	0.239102	0.332776	0.899869
28.393	0.0	-0.0421642	0.401374	0.920132	1.0	-0.104042	0.448021	1.24176	2.0	-0.17108	0.506672	1.55535	3.0	-0.121689	0.52951	1.68608	4.0	-0.299477	0.541499	1.4154	5.0	-0.411531	0.628534	1.23779	6.0	-0.399649	0.80678	1.09373	7.0	-0.402704	0.919118	1.00959	8.0	0.0287263	0.435295	1.43438	9.0	0.136532	0.361316	1.17933	10.0	0.213184	0.373145	0.979997	11.0	0.233011	0.362032	0.912697	12.0	-0.126169	0.447812	0.920332	13.0	-0.1645	0.418433	0.530096	14.0	-0.160688	0.376927	0.151379	15.0	-0.15175	0.450092	0.078951	16.0	0.00516991	0.418793	0.921687	17.0	0.142508	0.359664	0.512727	18.0	0.268912	0.382409	0.162108	19.0	0.338274	0.45121	0.12199	20.0	-0.153317	0.489932	1.47816	21.0	-0.39362	0.947202	0.985088	22.0	-0.400104	0.949452	1.03044	23.0	0.240716	0.351849	0.861538	24.0	0.224252	0.335858	0.911543
28.426	0.0	-0.0460422	0.416462	0.920422	1.0	-0.104067	0.461255	1.24339	2.0	-0.168006	0.5183	1.55794	3.0	-0.117065	0.538452	1.68889	4.0	-0.299122	0.563828	1.41589	5.0	-0.395554	0.684655	1.24332	6.0	-0.386619	0.862942	1.10842	7.0	-0.384179	0.968463	1.04148	8.0	0.0307774	0.446655	1.4346	9.0	0.137326	0.364923	1.18178	10.0	0.204092	0.358257	0.97076	11.0	0.222848	0.35721	0.91933	12.0	-0.129114	0.463144	0.921221	13.0	-0.165706	0.423237	0.532575	14.0	-0.160593	0.376303	0.151629	15.0	-0.151699	0.450007	0.07887	16.0	9.29672e-05	0.433144	0.921349	17.0	0.150719	0.399044	0.492797	18.0	0.275754	0.431953	0.128539	19.0	0.328595	0.500555	0.115603	20.0	-0.150973	0.501931	1.48053	21.0	-0.370999	1.00613	1.02275	22.0	-0.384456	0.999259	1.06699	23.0	0.224733	0.35869	0.856153	24.0	0.216452	0.328076	0.911774
28.46	0.0	-0.0494583	0.43959	0.922664	1.0	-0.104078	0.477263	1.24671	2.0	-0.165655	0.528153	1.56168	3.0	-0.115435	0.545	1.68943	4.0	-0.293547	0.578619	1.41775	5.0	-0.394571	0.733336	1.24909	6.0	-0.370166	0.911212	1.11582	7.0	-0.363235	1.00617	1.07002	8.0	0.03266	0.456501	1.43715	9.0	0.139635	0.372103	1.18534	10.0	0.208313	0.355967	0.964763	11.0	0.218822	0.353911	0.910866	12.0	-0.131866	0.483841	0.923144	13.0	-0.166118	0.426646	0.534488	14.0	-0.160779	0.374844	0.152604	15.0	-0.151011	0.447791	0.0802756	16.0	-0.00439827	0.458578	0.923858	17.0	0.139772	0.423056	0.512733	18.0	0.281466	0.485906	0.142525	19.0	0.327026	0.55561	0.115582	20.0	-0.149109	0.513192	1.48422	21.0	-0.346193	1.04035	1.04802	22.0	-0.36322	1.04444	1.09212	23.0	0.221292	0.35097	0.854603	24.0	0.21045	0.332333	0.902145
28.493	0.0	-0.0484398	0.453061	0.921771	1.0	-0.10273	0.49031	1.2468	2.0	-0.163551	0.539	1.5628	3.0	-0.111031	0.554616	1.68874	4.0	-0.287969	0.596043	1.41989	5.0	-0.391401	0.744158	1.25179	6.0	-0.359274	0.925139	1.12435	7.0	-0.341919	1.039	1.09108	8.0	0.0345598	0.467666	1.43769	9.0	0.142059	0.38192	1.18645	10.0	0.187845	0.372889	0.969008	11.0	0.213121	0.368205	0.916026	12.0	-0.130762	0.498087	0.922283	13.0	-0.166379	0.430479	0.53311	14.0	-0.161531	0.370649	0.154724	15.0	-0.151105	0.447562	0.080698	16.0	-0.00363264	0.471086	0.922956	17.0	0.141739	0.452863	0.497738	18.0	0.263817	0.506124	0.143235	19.0	0.292598	0.588636	0.108044	20.0	-0.147207	0.524762	1.48511	21.0	-0.318711	1.09646	1.07533	22.0	-0.353224	1.07301	1.11533	23.0	0.221713	0.360477	0.852864	24.0	0.211357	0.346108	0.898875
28.526	0.0	-0.0485162	0.473455	0.922819	1.0	-0.10033	0.505186	1.24866	2.0	-0.158915	0.549644	1.56538	3.0	-0.104619	0.56526	1.69113	4.0	-0.281089	0.609159	1.42131	5.0	-0.379678	0.778413	1.24962	6.0	-0.332798	0.968414	1.14147	7.0	-0.319854	1.0653	1.10534	8.0	0.0390245	0.478291	1.43991	9.0	0.146969	0.39231	1.18897	10.0	0.201174	0.390443	0.936545	11.0	0.215982	0.379998	0.90484	12.0	-0.131103	0.516609	0.923323	13.0	-0.166052	0.434906	0.532139	14.0	-0.161389	0.369596	0.155738	15.0	-0.150723	0.446513	0.0809665	16.0	-0.00366488	0.493267	0.923979	17.0	0.135224	0.474675	0.502315	18.0	0.245122	0.552994	0.147146	19.0	0.279097	0.626083	0.108171	20.0	-0.143126	0.536363	1.4875	21.0	-0.298898	1.12076	1.07819	22.0	-0.327755	1.10094	1.13442	23.0	0.224174	0.379312	0.865704	24.0	0.20951	0.372902	0.891772
28.559	0.0	-0.0436517	0.482288	0.922508	1.0	-0.0960716	0.516693	1.24964	2.0	-0.155082	0.563024	1.56797	3.0	-0.102725	0.575621	1.69111	4.0	-0.279716	0.623537	1.42241	5.0	-0.375606	0.782995	1.25044	6.0	-0.325869	0.973844	1.14486	7.0	-0.298656	1.07708	1.11341	8.0	0.0427826	0.491731	1.4423	9.0	0.150964	0.405403	1.19134	10.0	0.199885	0.395557	0.973766	11.0	0.211273	0.400768	0.904656	12.0	-0.123644	0.525267	0.922332	13.0	-0.165726	0.439218	0.532182	14.0	-0.161545	0.369129	0.159603	15.0	-0.150635	0.445787	0.0819797	16.0	-0.00115383	0.502527	0.924287	17.0	0.126698	0.503116	0.508477	18.0	0.231143	0.564717	0.148755	19.0	0.264211	0.655768	0.110649	20.0	-0.139195	0.549399	1.48967	21.0	-0.27034	1.11865	1.09845	22.0	-0.30712	1.1114	1.14392	23.0	0.219863	0.401081	0.871015	24.0	0.205796	0.408436	0.889067
28.592	0.0	-0.0390069	0.500288	0.923749	1.0	-0.0926131	0.53063	1.25097	2.0	-0.15237	0.572803	1.56922	3.0	-0.101438	0.581053	1.69176	4.0	-0.275104	0.634598	1.42329	5.0	-0.364923	0.798422	1.24787	6.0	-0.313005	0.987076	1.13974	7.0	-0.27763	1.08534	1.11207	8.0	0.0454563	0.501524	1.44347	9.0	0.153689	0.415091	1.19256	10.0	0.204703	0.404575	0.935343	11.0	0.214341	0.417872	0.899068	12.0	-0.120065	0.541246	0.923278	13.0	-0.164656	0.444328	0.53222	14.0	-0.160436	0.369429	0.161579	15.0	-0.150522	0.44587	0.0817973	16.0	0.00397598	0.52189	0.925844	17.0	0.122593	0.523248	0.494723	18.0	0.200878	0.590591	0.14236	19.0	0.219187	0.676656	0.0995101	20.0	-0.136326	0.560184	1.49096	21.0	-0.244853	1.12405	1.09892	22.0	-0.286615	1.10487	1.14837	23.0	0.217418	0.41854	0.876067	24.0	0.210843	0.43381	0.894765
28.625	0.0	-0.0349658	0.511561	0.922859	1.0	-0.0888729	0.542676	1.25105	2.0	-0.148879	0.585099	1.5703	3.0	-0.0910656	0.601049	1.689	4.0	-0.272957	0.643138	1.423	5.0	-0.36088	0.800216	1.24724	6.0	-0.302269	0.986399	1.13844	7.0	-0.262762	1.08443	1.10246	8.0	0.0489122	0.513822	1.44449	9.0	0.157232	0.42724	1.19343	10.0	0.207952	0.416692	0.935319	11.0	0.217065	0.440116	0.89422	12.0	-0.114748	0.551857	0.922504	13.0	-0.148127	0.465222	0.536539	14.0	-0.159807	0.369214	0.162897	15.0	-0.150092	0.445599	0.0822318	16.0	0.00649282	0.533912	0.92486	17.0	0.111656	0.540706	0.494831	18.0	0.184427	0.602498	0.139723	19.0	0.208641	0.680399	0.0948636	20.0	-0.132774	0.572487	1.49179	21.0	-0.231748	1.11992	1.08781	22.0	-0.267043	1.11758	1.13115	23.0	0.221172	0.441184	0.877359	24.0	0.217618	0.452336	0.890113
28.659	0.0	-0.027742	0.529754	0.922256	1.0	-0.081622	0.557908	1.25072	2.0	-0.141566	0.597579	1.57017	3.0	-0.0878478	0.613442	1.69121	4.0	-0.265613	0.657541	1.41965	5.0	-0.353845	0.806076	1.23938	6.0	-0.290527	0.990231	1.1299	7.0	-0.252439	1.08059	1.08674	8.0	0.0561844	0.526296	1.44432	9.0	0.164539	0.439586	1.19312	10.0	0.21508	0.429143	0.934602	11.0	0.222368	0.460596	0.887677	12.0	-0.107824	0.569716	0.920952	13.0	-0.136473	0.475175	0.5269	14.0	-0.159136	0.369798	0.163267	15.0	-0.149387	0.446833	0.0816827	16.0	0.0135693	0.552041	0.925254	17.0	0.100549	0.554712	0.493816	18.0	0.146634	0.609618	0.140812	19.0	0.169626	0.698834	0.0889972	20.0	-0.125478	0.585634	1.49161	21.0	-0.218842	1.11632	1.06862	22.0	-0.24754	1.11425	1.11465	23.0	0.231364	0.454933	0.870116	24.0	0.228941	0.464907	0.874703
28.693	0.0	-0.0233252	0.54125	0.919716	1.0	-0.0760298	0.570586	1.24809	2.0	-0.134728	0.611147	1.56747	3.0	-0.0827276	0.624894	1.69261	4.0	-0.263169	0.666152	1.41587	5.0	-0.347795	0.805281	1.23363	6.0	-0.28064	0.979879	1.11207	7.0	-0.246983	1.07039	1.06396	8.0	0.0629853	0.539861	1.4416	9.0	0.171338	0.453042	1.19029	10.0	0.221751	0.442675	0.931625	11.0	0.246709	0.464858	0.88573	12.0	-0.103017	0.581085	0.918006	13.0	-0.128642	0.485673	0.516854	14.0	-0.158222	0.371393	0.16385	15.0	-0.149781	0.448033	0.0821275	16.0	0.0173891	0.563559	0.92318	17.0	0.0898886	0.567399	0.499567	18.0	0.133019	0.61314	0.141544	19.0	0.152449	0.695131	0.0856107	20.0	-0.118951	0.599015	1.48893	21.0	-0.213633	1.10642	1.0434	22.0	-0.247395	1.10386	1.08966	23.0	0.261053	0.455242	0.858277	24.0	0.250037	0.475366	0.887637
28.726	0.0	-0.0197912	0.558155	0.915845	1.0	-0.0712521	0.584449	1.24565	2.0	-0.128919	0.622403	1.56617	3.0	-0.0835262	0.630551	1.6928	4.0	-0.259183	0.674079	1.41221	5.0	-0.344146	0.791162	1.21576	6.0	-0.277706	0.965105	1.09276	7.0	-0.243798	1.0538	1.03389	8.0	0.0687628	0.551109	1.44029	9.0	0.177121	0.4642	1.18885	10.0	0.227404	0.453834	0.930213	11.0	0.259622	0.488924	0.885083	12.0	-0.0984893	0.596285	0.91446	13.0	-0.130985	0.49599	0.509649	14.0	-0.156193	0.376413	0.160822	15.0	-0.147449	0.451944	0.0814771	16.0	0.0195601	0.582172	0.919067	17.0	0.0838797	0.577999	0.507804	18.0	0.112361	0.613405	0.139381	19.0	0.125896	0.72558	0.104663	20.0	-0.113385	0.610883	1.48737	21.0	-0.204946	1.08828	1.01016	22.0	-0.241292	1.08746	1.05668	23.0	0.260885	0.487534	0.844857	24.0	0.250513	0.484858	0.880165
28.76	0.0	-0.021841	0.578735	0.899651	1.0	-0.0679451	0.601875	1.23547	2.0	-0.120991	0.637778	1.56048	3.0	-0.0803919	0.648076	1.69105	4.0	-0.25501	0.683188	1.40517	5.0	-0.339228	0.789159	1.20958	6.0	-0.276416	0.959399	1.06709	7.0	-0.251979	1.0269	1.00463	8.0	0.0370297	0.662592	1.39193	9.0	0.145211	0.575567	1.14049	10.0	0.264709	0.523764	0.967195	11.0	0.276509	0.512543	0.894021	12.0	-0.104802	0.609347	0.902579	13.0	-0.13251	0.517567	0.501693	14.0	-0.153662	0.385977	0.157349	15.0	-0.141899	0.459294	0.078888	16.0	0.023373	0.612695	0.897609	17.0	0.081812	0.584508	0.508942	18.0	0.105989	0.61242	0.13886	19.0	0.0941842	0.729966	0.103049	20.0	-0.106608	0.626655	1.48066	21.0	-0.224362	1.05774	0.974585	22.0	-0.24647	1.06604	1.01947	23.0	0.285775	0.503473	0.835239	24.0	0.272998	0.4967	0.881806
28.792	0.0	-0.0149195	0.597813	0.894896	1.0	-0.0611446	0.617915	1.23098	2.0	-0.114334	0.649493	1.55727	3.0	-0.0724382	0.664119	1.68891	4.0	-0.251474	0.686515	1.40313	5.0	-0.32037	0.757127	1.19911	6.0	-0.277584	0.934434	1.03437	7.0	-0.261049	0.999218	0.969767	8.0	0.0444897	0.667906	1.39783	9.0	0.1526	0.580857	1.14639	10.0	0.277688	0.541033	0.969564	11.0	0.302276	0.543579	0.904966	12.0	-0.100858	0.624117	0.89847	13.0	-0.128499	0.570361	0.518212	14.0	-0.153919	0.400819	0.154536	15.0	-0.1422	0.464671	0.0791121	16.0	0.0314529	0.632489	0.893743	17.0	0.0845758	0.590856	0.505496	18.0	0.105138	0.610564	0.138649	19.0	0.11082	0.677174	0.0766614	20.0	-0.0998532	0.639555	1.47708	21.0	-0.237714	1.02596	0.935387	22.0	-0.251062	1.03532	0.98186	23.0	0.318939	0.536062	0.835763	24.0	0.295733	0.518534	0.885126
28.826	0.0	0.0171482	0.640538	0.898989	1.0	-0.0397584	0.647765	1.23188	2.0	-0.101429	0.667879	1.55631	3.0	-0.0670797	0.687065	1.69059	4.0	-0.241872	0.692584	1.40368	5.0	-0.316585	0.752184	1.19853	6.0	-0.283167	0.891196	1.00978	7.0	-0.274136	0.960817	0.938581	8.0	0.0620861	0.685176	1.40042	9.0	0.218813	0.600253	1.17793	10.0	0.304873	0.589301	0.982926	11.0	0.325135	0.590294	0.915759	12.0	-0.0780123	0.666852	0.897887	13.0	-0.142631	0.621589	0.530737	14.0	-0.156687	0.424493	0.151724	15.0	-0.145641	0.470316	0.0796318	16.0	0.0706885	0.673851	0.902467	17.0	0.0909582	0.60067	0.504867	18.0	0.105334	0.610335	0.140237	19.0	0.119771	0.6783	0.0773125	20.0	-0.0850556	0.660611	1.47646	21.0	-0.252431	0.988371	0.896861	22.0	-0.266425	1.00145	0.946357	23.0	0.3461	0.581599	0.845971	24.0	0.328489	0.558216	0.894443
28.86	0.0	0.0248591	0.655835	0.903117	1.0	-0.0311768	0.664748	1.23334	2.0	-0.0931437	0.684817	1.55444	3.0	-0.0557112	0.708795	1.68917	4.0	-0.234944	0.698358	1.40474	5.0	-0.300573	0.740255	1.1935	6.0	-0.289032	0.86352	0.97758	7.0	-0.288049	0.919688	0.906059	8.0	0.0882045	0.695163	1.41061	9.0	0.235301	0.616876	1.17801	10.0	0.327549	0.627084	0.984882	11.0	0.351745	0.643022	0.915133	12.0	-0.0717264	0.68251	0.901438	13.0	-0.142258	0.677635	0.535809	14.0	-0.159354	0.464453	0.150881	15.0	-0.139804	0.49873	0.0836658	16.0	0.0803519	0.690069	0.907298	17.0	0.0969902	0.614619	0.507867	18.0	0.105858	0.610823	0.138387	19.0	0.120447	0.679028	0.076703	20.0	-0.0765283	0.677844	1.47546	21.0	-0.27193	0.938811	0.858191	22.0	-0.304979	0.959929	0.909992	23.0	0.369539	0.627877	0.857198	24.0	0.354368	0.611026	0.897
28.892	0.0	0.0270278	0.671585	0.905601	1.0	-0.0262533	0.680681	1.23224	2.0	-0.0850483	0.701922	1.54928	3.0	-0.0519852	0.723448	1.68748	4.0	-0.228115	0.704923	1.40437	5.0	-0.292348	0.730873	1.19029	6.0	-0.300202	0.835013	0.945394	7.0	-0.303549	0.870014	0.875522	8.0	0.11006	0.70477	1.41707	9.0	0.256543	0.647736	1.17632	10.0	0.351744	0.684734	0.986705	11.0	0.370056	0.707111	0.920619	12.0	-0.0693165	0.69498	0.904442	13.0	-0.153549	0.726101	0.535614	14.0	-0.159346	0.511012	0.151382	15.0	-0.157854	0.557049	0.0765897	16.0	0.0817869	0.709073	0.90888	17.0	0.104063	0.629091	0.510061	18.0	0.106116	0.6117	0.137819	19.0	0.122158	0.679862	0.0756028	20.0	-0.0692922	0.694557	1.47141	21.0	-0.29021	0.88653	0.8237	22.0	-0.277914	0.895035	0.877288	23.0	0.390033	0.692215	0.859588	24.0	0.386432	0.667139	0.894321
28.925	0.0	0.0245939	0.68342	0.907462	1.0	-0.0246804	0.695796	1.23201	2.0	-0.0789166	0.720723	1.54665	3.0	-0.0504892	0.748635	1.68478	4.0	-0.223846	0.710123	1.40366	5.0	-0.28097	0.718166	1.17145	6.0	-0.303062	0.797289	0.926864	7.0	-0.315105	0.823821	0.852447	8.0	0.13153	0.719211	1.41965	9.0	0.266464	0.690239	1.19989	10.0	0.35768	0.743165	1.01112	11.0	0.377017	0.769479	0.941285	12.0	-0.0703109	0.702644	0.907174	13.0	-0.155479	0.773696	0.542194	14.0	-0.156201	0.553915	0.164248	15.0	-0.165665	0.582614	0.0878548	16.0	0.0773358	0.725802	0.909337	17.0	0.108016	0.644027	0.511616	18.0	0.106065	0.612614	0.138423	19.0	0.124366	0.680438	0.0753563	20.0	-0.0643356	0.712449	1.46939	21.0	-0.298861	0.823778	0.78627	22.0	-0.276675	0.817997	0.852183	23.0	0.398472	0.766615	0.876367	24.0	0.396533	0.737622	0.905236
28.959	0.0	0.0215461	0.696889	0.911248	1.0	-0.0236923	0.714548	1.23272	2.0	-0.0737564	0.744984	1.54385	3.0	-0.0513872	0.770606	1.68425	4.0	-0.219698	0.718046	1.40281	5.0	-0.275779	0.708823	1.16215	6.0	-0.312625	0.764816	0.91428	7.0	-0.32254	0.776733	0.841651	8.0	0.143312	0.73896	1.42113	9.0	0.268055	0.71984	1.21176	10.0	0.362857	0.794954	1.0316	11.0	0.379977	0.827739	0.964091	12.0	-0.0722789	0.713424	0.912167	13.0	-0.153022	0.811838	0.553043	14.0	-0.155429	0.614534	0.166971	15.0	-0.180208	0.663168	0.0947142	16.0	0.0733195	0.741144	0.911818	17.0	0.114769	0.659971	0.519187	18.0	0.106114	0.613269	0.138544	19.0	0.124539	0.680746	0.0752734	20.0	-0.060197	0.735338	1.4675	21.0	-0.310269	0.778798	0.769701	22.0	-0.307405	0.817975	0.853601	23.0	0.40225	0.838423	0.894322	24.0	0.397355	0.828344	0.90552
28.992	0.0	0.0228168	0.712677	0.914524	1.0	-0.0210993	0.73297	1.23266	2.0	-0.0709485	0.764218	1.5409	3.0	-0.0510779	0.79915	1.68006	4.0	-0.216781	0.728007	1.40228	5.0	-0.272951	0.700064	1.15519	6.0	-0.321104	0.717447	0.899866	7.0	-0.330479	0.720899	0.83579	8.0	0.147355	0.770266	1.42646	9.0	0.274481	0.764611	1.2151	10.0	0.37043	0.842684	1.03682	11.0	0.3882	0.881071	0.971098	12.0	-0.0709379	0.725851	0.915175	13.0	-0.151712	0.845492	0.542816	14.0	-0.15877	0.6825	0.150563	15.0	-0.185054	0.745371	0.083743	16.0	0.0743705	0.760097	0.915584	17.0	0.120752	0.672964	0.523514	18.0	0.105772	0.614048	0.138257	19.0	0.124976	0.681661	0.0747105	20.0	-0.0573295	0.754492	1.46521	21.0	-0.322903	0.719986	0.762397	22.0	-0.318475	0.770172	0.839748	23.0	0.406927	0.894769	0.904814	24.0	0.40154	0.87539	0.926217
29.025	0.0	0.0218695	0.730373	0.914606	1.0	-0.021597	0.755046	1.23054	2.0	-0.0714679	0.790956	1.5367	3.0	-0.055869	0.829306	1.68046	4.0	-0.215162	0.742413	1.402	5.0	-0.271331	0.695102	1.15548	6.0	-0.318544	0.676528	0.911892	7.0	-0.33275	0.66924	0.842793	8.0	0.143148	0.8056	1.42516	9.0	0.275468	0.795614	1.21838	10.0	0.376086	0.884878	1.0478	11.0	0.388872	0.933856	0.982352	12.0	-0.0714333	0.738827	0.91491	13.0	-0.149513	0.880331	0.529337	14.0	-0.163956	0.760388	0.134953	15.0	-0.194394	0.833261	0.0746634	16.0	0.072757	0.782607	0.916315	17.0	0.128327	0.689731	0.530268	18.0	0.104192	0.615373	0.136114	19.0	0.126179	0.680822	0.0730701	20.0	-0.0577913	0.78002	1.46152	21.0	-0.332182	0.650901	0.769439	22.0	-0.320839	0.716885	0.833277	23.0	0.408302	0.948391	0.914854	24.0	0.423614	0.907208	0.936376
29.059	0.0	0.0124017	0.760488	0.917032	1.0	-0.0275868	0.783243	1.22976	2.0	-0.0746061	0.817007	1.53347	3.0	-0.0593753	0.854017	1.6791	4.0	-0.214977	0.764707	1.40177	5.0	-0.269604	0.693147	1.15585	6.0	-0.318371	0.647598	0.91526	7.0	-0.33201	0.620646	0.847806	8.0	0.139456	0.833224	1.42885	9.0	0.273995	0.84317	1.22959	10.0	0.36559	0.94056	1.05756	11.0	0.385361	0.986672	0.991098	12.0	-0.0842797	0.769279	0.917799	13.0	-0.149049	0.913474	0.522476	14.0	-0.170903	0.843571	0.130856	15.0	-0.201818	0.928566	0.0717046	16.0	0.0664729	0.811558	0.91823	17.0	0.127337	0.699786	0.474506	18.0	0.0900917	0.636264	0.154053	19.0	0.128356	0.684776	0.0721466	20.0	-0.0615934	0.806636	1.45885	21.0	-0.33221	0.597997	0.77967	22.0	-0.321721	0.660925	0.839355	23.0	0.403775	1.00767	0.925469	24.0	0.402945	0.987491	0.939202
29.092	0.0	0.00516973	0.777485	0.915936	1.0	-0.0337829	0.809343	1.22681	2.0	-0.0789259	0.854029	1.52797	3.0	-0.0650039	0.885657	1.6738	4.0	-0.215166	0.785939	1.40017	5.0	-0.269305	0.692318	1.15547	6.0	-0.316114	0.618328	0.920068	7.0	-0.329516	0.580983	0.854979	8.0	0.13476	0.868514	1.42784	9.0	0.270441	0.871224	1.22853	10.0	0.356684	0.98858	1.0652	11.0	0.376962	1.03426	0.998319	12.0	-0.0919297	0.784469	0.917154	13.0	-0.148737	0.933241	0.519096	14.0	-0.171495	0.929419	0.135898	15.0	-0.197856	1.01656	0.0688958	16.0	0.0596714	0.830562	0.916681	17.0	0.137591	0.719914	0.51633	18.0	0.110973	0.645912	0.12936	19.0	0.156278	0.69796	0.0689094	20.0	-0.0664556	0.840769	1.45406	21.0	-0.321488	0.549749	0.785444	22.0	-0.31468	0.610985	0.852284	23.0	0.398795	1.05322	0.932506	24.0	0.404817	1.01295	0.956879
29.126	0.0	-0.00261361	0.799697	0.911893	1.0	-0.0400946	0.834586	1.223	2.0	-0.0840337	0.879386	1.52496	3.0	-0.0742648	0.915205	1.67083	4.0	-0.217898	0.814812	1.39709	5.0	-0.269351	0.692336	1.15506	6.0	-0.314929	0.599362	0.944235	7.0	-0.328803	0.556323	0.875245	8.0	0.12624	0.899568	1.42923	9.0	0.261459	0.910864	1.22886	10.0	0.344992	1.03554	1.06904	11.0	0.363776	1.08132	1.00194	12.0	-0.0992847	0.804723	0.913284	13.0	-0.146153	0.961245	0.496266	14.0	-0.170162	1.00595	0.124799	15.0	-0.194558	1.10425	0.0660609	16.0	0.0513442	0.854518	0.912647	17.0	0.137067	0.749739	0.587777	18.0	0.113544	0.686439	0.198232	19.0	0.161578	0.706658	0.115962	20.0	-0.0718174	0.86638	1.4508	21.0	-0.328025	0.529641	0.814993	22.0	-0.313922	0.56427	0.846384	23.0	0.388329	1.10122	0.938047	24.0	0.398747	1.05226	0.95868
29.159	0.0	-0.0121439	0.823608	0.908017	1.0	-0.0494561	0.864494	1.21774	2.0	-0.0938887	0.917175	1.51793	3.0	-0.0858705	0.948625	1.66641	4.0	-0.2238	0.838701	1.39193	5.0	-0.272039	0.699857	1.15643	6.0	-0.315444	0.596943	0.95965	7.0	-0.326686	0.541307	0.891308	8.0	0.117163	0.930197	1.4242	9.0	0.254943	0.944613	1.2215	10.0	0.343805	1.06647	1.06276	11.0	0.3491	1.12515	1.00112	12.0	-0.109025	0.82696	0.909721	13.0	-0.144428	0.982868	0.476034	14.0	-0.165573	1.05766	0.126747	15.0	-0.187301	1.16341	0.070985	16.0	0.041892	0.880048	0.90857	17.0	0.132907	0.770831	0.61084	18.0	0.0971902	0.72236	0.252347	19.0	0.149946	0.722939	0.177398	20.0	-0.0814809	0.901992	1.44426	21.0	-0.318019	0.498183	0.825329	22.0	-0.308689	0.561563	0.87598	23.0	0.373593	1.14269	0.934898	24.0	0.373763	1.11154	0.961262
29.192	0.0	-0.0212459	0.848162	0.903782	1.0	-0.0583594	0.890465	1.21314	2.0	-0.102428	0.942665	1.51332	3.0	-0.0917569	0.976006	1.66012	4.0	-0.233502	0.872636	1.38688	5.0	-0.280428	0.717725	1.15881	6.0	-0.315068	0.602669	0.980701	7.0	-0.32895	0.542723	0.90859	8.0	0.105132	0.961998	1.42119	9.0	0.242443	0.970166	1.22307	10.0	0.315096	1.1088	1.06813	11.0	0.330826	1.15951	1.00147	12.0	-0.118527	0.850514	0.905455	13.0	-0.140171	0.998179	0.47344	14.0	-0.161179	1.07527	0.125991	15.0	-0.18259	1.18873	0.0720805	16.0	0.0330279	0.905436	0.904524	17.0	0.12794	0.781085	0.616719	18.0	0.0947982	0.730247	0.249922	19.0	0.147533	0.730797	0.175028	20.0	-0.090136	0.927819	1.43961	21.0	-0.322792	0.493809	0.842644	22.0	-0.311126	0.559707	0.901637	23.0	0.357756	1.17806	0.939351	24.0	0.320633	1.1541	0.977498
29.225	0.0	-0.0311948	0.872805	0.901971	1.0	-0.069072	0.918118	1.20989	2.0	-0.114466	0.974423	1.5083	3.0	-0.100495	1.00324	1.65582	4.0	-0.241618	0.897413	1.38496	5.0	-0.287785	0.752071	1.162	6.0	-0.322256	0.621069	0.996659	7.0	-0.336122	0.560249	0.921058	8.0	0.0949988	0.991803	1.41229	9.0	0.231129	0.998897	1.21654	10.0	0.307556	1.13212	1.05914	11.0	0.312345	1.19157	0.996323	12.0	-0.129162	0.874148	0.901765	13.0	-0.136806	1.01322	0.489823	14.0	-0.158788	1.08219	0.123588	15.0	-0.176942	1.19167	0.06747	16.0	0.0235472	0.93114	0.904695	17.0	0.128002	0.801722	0.624403	18.0	0.101438	0.742002	0.240957	19.0	0.154066	0.742432	0.166187	20.0	-0.101777	0.958422	1.43508	21.0	-0.330106	0.511758	0.857263	22.0	-0.317291	0.574641	0.903169	23.0	0.344953	1.20537	0.934068	24.0	0.330466	1.18898	0.945329
29.259	0.0	-0.04145	0.910837	0.897269	1.0	-0.0803719	0.950878	1.20618	2.0	-0.126341	1.00155	1.50559	3.0	-0.108421	1.03431	1.65464	4.0	-0.253542	0.930302	1.37892	5.0	-0.29799	0.782407	1.16461	6.0	-0.330616	0.64238	1.00177	7.0	-0.345351	0.582046	0.92288	8.0	0.0852915	1.01477	1.4073	9.0	0.217564	1.02104	1.21179	10.0	0.289029	1.15928	1.05592	11.0	0.294435	1.21683	0.991004	12.0	-0.140346	0.913891	0.895444	13.0	-0.137867	1.04296	0.477048	14.0	-0.155405	1.08682	0.122738	15.0	-0.173149	1.19363	0.0638522	16.0	0.0139184	0.967013	0.901681	17.0	0.137126	0.835897	0.632239	18.0	0.0916696	0.652202	0.230626	19.0	0.150944	0.685613	0.156972	20.0	-0.113566	0.987007	1.43212	21.0	-0.338516	0.534819	0.857673	22.0	-0.329741	0.605546	0.91589	23.0	0.319313	1.23385	0.929079	24.0	0.314373	1.21895	0.941135
29.292	0.0	-0.04736	0.927481	0.894089	1.0	-0.0875199	0.971433	1.20452	2.0	-0.135173	1.02639	1.50573	3.0	-0.115319	1.05914	1.65349	4.0	-0.265039	0.963404	1.38004	5.0	-0.310865	0.818183	1.15941	6.0	-0.353743	0.690903	0.994891	7.0	-0.362126	0.624871	0.920336	8.0	0.0732834	1.04391	1.40287	9.0	0.201346	1.04166	1.20939	10.0	0.277991	1.1722	1.05003	11.0	0.279557	1.23092	0.985854	12.0	-0.14514	0.92996	0.893768	13.0	-0.145723	1.06203	0.489696	14.0	-0.154564	1.08892	0.123006	15.0	-0.170034	1.19217	0.06204	16.0	0.00665315	0.984303	0.897035	17.0	0.13045	0.855473	0.624555	18.0	0.0848622	0.670459	0.223615	19.0	0.131965	0.721718	0.142777	20.0	-0.121928	1.01075	1.43179	21.0	-0.348936	0.564069	0.854957	22.0	-0.340322	0.64018	0.922456	23.0	0.305001	1.24869	0.923861	24.0	0.300209	1.22676	0.938946
29.326	0.0	-0.0596301	0.957584	0.897193	1.0	-0.0975877	0.997326	1.20912	2.0	-0.143131	1.04771	1.51111	3.0	-0.122025	1.08617	1.65905	4.0	-0.273849	0.991526	1.3828	5.0	-0.327349	0.862094	1.1619	6.0	-0.364535	0.742421	0.990667	7.0	-0.381974	0.678034	0.909777	8.0	0.0670725	1.06307	1.40619	9.0	0.187155	1.05743	1.20919	10.0	0.260475	1.18386	1.04508	11.0	0.266947	1.23861	0.977586	12.0	-0.158174	0.963741	0.897647	13.0	-0.151021	1.07865	0.495841	14.0	-0.15524	1.09203	0.121576	15.0	-0.169126	1.19168	0.0609763	16.0	-0.00492575	1.01063	0.899478	17.0	0.127317	0.877534	0.632754	18.0	0.0817696	0.691773	0.232083	19.0	0.140481	0.711625	0.15838	20.0	-0.130404	1.03324	1.43704	21.0	-0.380155	0.622932	0.845243	22.0	-0.365509	0.681567	0.885649	23.0	0.295553	1.25357	0.910378	24.0	0.277366	1.22486	0.942832
29.359	0.0	-0.068354	0.981223	0.901861	1.0	-0.107441	1.02466	1.21572	2.0	-0.154084	1.07866	1.5198	3.0	-0.124818	1.11146	1.66462	4.0	-0.284155	1.02267	1.38906	5.0	-0.337919	0.894426	1.15675	6.0	-0.388421	0.787794	0.960855	7.0	-0.406093	0.739928	0.885391	8.0	0.0579147	1.08276	1.40933	9.0	0.173631	1.07028	1.21047	10.0	0.244084	1.19174	1.04148	11.0	0.249124	1.24121	0.969115	12.0	-0.168212	0.98797	0.902332	13.0	-0.15401	1.08956	0.49991	14.0	-0.158575	1.0967	0.123449	15.0	-0.168777	1.19103	0.0609307	16.0	-0.0125538	1.03339	0.903982	17.0	0.117946	0.908468	0.635181	18.0	0.0721215	0.723025	0.234304	19.0	0.126362	0.762568	0.157118	20.0	-0.141092	1.06332	1.44521	21.0	-0.39625	0.688991	0.817613	22.0	-0.385876	0.716743	0.832984	23.0	0.273781	1.25323	0.902759	24.0	0.269058	1.22385	0.931176
29.392	0.0	-0.0755519	1.00307	0.908855	1.0	-0.113388	1.04405	1.22246	2.0	-0.158852	1.09548	1.52601	3.0	-0.128457	1.13017	1.67246	4.0	-0.290796	1.05014	1.39499	5.0	-0.35295	0.946742	1.15828	6.0	-0.411214	0.857236	0.949383	7.0	-0.426935	0.820357	0.868898	8.0	0.0533174	1.09714	1.41451	9.0	0.164891	1.08093	1.2065	10.0	0.23228	1.19764	1.03307	11.0	0.235404	1.23956	0.960554	12.0	-0.174889	1.01209	0.909023	13.0	-0.157002	1.09673	0.501755	14.0	-0.160915	1.09936	0.124394	15.0	-0.167957	1.19058	0.0604783	16.0	-0.0204223	1.05304	0.911089	17.0	0.11647	0.919606	0.612064	18.0	0.0706565	0.734025	0.211382	19.0	0.129549	0.783289	0.14071	20.0	-0.146143	1.08079	1.45158	21.0	-0.425293	0.779961	0.799916	22.0	-0.404325	0.842753	0.872322	23.0	0.263575	1.24408	0.892006	24.0	0.255572	1.21923	0.921581
29.425	0.0	-0.0753327	1.01604	0.91001	1.0	-0.115514	1.06014	1.22675	2.0	-0.163995	1.11547	1.53418	3.0	-0.126119	1.14714	1.67783	4.0	-0.29842	1.07625	1.40124	5.0	-0.36974	0.994802	1.16374	6.0	-0.428126	0.936371	0.92048	7.0	-0.447395	0.914822	0.852193	8.0	0.0544437	1.1066	1.42024	9.0	0.158328	1.08621	1.20265	10.0	0.226036	1.19905	1.02703	11.0	0.224623	1.23366	0.954019	12.0	-0.177944	1.03501	0.916603	13.0	-0.160748	1.10375	0.509096	14.0	-0.162736	1.10236	0.12511	15.0	-0.16714	1.1903	0.0603236	16.0	-0.0185924	1.05982	0.908658	17.0	0.115129	0.928957	0.597138	18.0	0.069293	0.743362	0.196544	19.0	0.135431	0.805561	0.139085	20.0	-0.150464	1.09975	1.45872	21.0	-0.442957	0.884464	0.784982	22.0	-0.421802	0.926041	0.842099	23.0	0.248567	1.2372	0.885786	24.0	0.244756	1.20956	0.908408
29.459	0.0	-0.0769209	1.03054	0.910037	1.0	-0.117879	1.0764	1.23012	2.0	-0.166806	1.13283	1.54053	3.0	-0.124682	1.16385	1.68382	4.0	-0.304383	1.10378	1.40518	5.0	-0.378581	1.04073	1.16196	6.0	-0.446376	1.02714	0.914649	7.0	-0.467108	1.02838	0.846889	8.0	0.0525632	1.11796	1.42252	9.0	0.151614	1.09469	1.19845	10.0	0.221238	1.1977	1.01815	11.0	0.219608	1.22515	0.944991	12.0	-0.180627	1.05098	0.919082	13.0	-0.164368	1.10944	0.512971	14.0	-0.164269	1.10387	0.125715	15.0	-0.166355	1.19037	0.0597937	16.0	-0.0186636	1.06956	0.905487	17.0	0.139961	0.92758	0.535288	18.0	0.178618	0.813845	0.129479	19.0	0.225579	0.876532	0.0850054	20.0	-0.153206	1.11692	1.46439	21.0	-0.475086	1.02952	0.77548	22.0	-0.459207	1.0063	0.820367	23.0	0.242406	1.22762	0.878869	24.0	0.238767	1.19683	0.906328
29.492	0.0	-0.0705918	1.05782	0.912343	1.0	-0.116398	1.09872	1.23446	2.0	-0.169133	1.1511	1.54601	3.0	-0.120358	1.17966	1.68599	4.0	-0.308173	1.12926	1.40708	5.0	-0.393819	1.09118	1.1703	6.0	-0.459848	1.12615	0.923333	7.0	-0.483831	1.14509	0.855262	8.0	0.0439711	1.13591	1.42169	9.0	0.14804	1.09932	1.19478	10.0	0.216814	1.19398	1.01001	11.0	0.215519	1.21659	0.937303	12.0	-0.172908	1.07835	0.916927	13.0	-0.167935	1.11577	0.516542	14.0	-0.166174	1.10535	0.126672	15.0	-0.166294	1.19041	0.0598147	16.0	-0.0136663	1.0955	0.910545	17.0	0.132694	0.942454	0.511273	18.0	0.176311	0.833258	0.118609	19.0	0.230551	0.904083	0.0880426	20.0	-0.154656	1.1361	1.46965	21.0	-0.498917	1.15032	0.790312	22.0	-0.465678	1.15702	0.806659	23.0	0.237283	1.21586	0.87069	24.0	0.234296	1.19019	0.90273
29.525	0.0	-0.0733012	1.06709	0.908571	1.0	-0.118317	1.11115	1.23386	2.0	-0.170579	1.16712	1.54923	3.0	-0.117267	1.19361	1.68795	4.0	-0.311025	1.15675	1.40662	5.0	-0.40755	1.14492	1.17843	6.0	-0.46956	1.22562	0.939389	7.0	-0.493455	1.25587	0.866596	8.0	0.0375251	1.14716	1.42366	9.0	0.145044	1.10499	1.18623	10.0	0.21482	1.18661	0.996367	11.0	0.219973	1.20085	0.926996	12.0	-0.176097	1.09009	0.914533	13.0	-0.171769	1.12041	0.516917	14.0	-0.166746	1.10552	0.127047	15.0	-0.16619	1.19007	0.0600764	16.0	-0.0160214	1.10277	0.905437	17.0	0.118639	0.969291	0.492511	18.0	0.204359	0.888463	0.128356	19.0	0.259748	0.962182	0.101334	20.0	-0.156201	1.15122	1.47185	21.0	-0.503079	1.26737	0.802383	22.0	-0.469724	1.27636	0.850167	23.0	0.238746	1.20074	0.863726	24.0	0.23879	1.16434	0.894858
29.559	0.0	-0.0587714	1.09443	0.905652	1.0	-0.112555	1.13181	1.23477	2.0	-0.171339	1.1819	1.55229	3.0	-0.115135	1.20821	1.68985	4.0	-0.309898	1.18046	1.40678	5.0	-0.40756	1.18924	1.20099	6.0	-0.474321	1.30866	0.970696	7.0	-0.497176	1.35232	0.887817	8.0	0.0246203	1.16419	1.42598	9.0	0.14311	1.1106	1.17872	10.0	0.212166	1.17913	0.984106	11.0	0.22638	1.18332	0.917167	12.0	-0.160705	1.12343	0.90805	13.0	-0.175603	1.12573	0.514031	14.0	-0.168006	1.10512	0.127948	15.0	-0.166015	1.18938	0.0605188	16.0	-0.00292319	1.12376	0.90532	17.0	0.128327	0.995179	0.488777	18.0	0.240852	0.944376	0.126805	19.0	0.293861	1.0126	0.0932838	20.0	-0.155518	1.16731	1.4745	21.0	-0.493009	1.37176	0.823072	22.0	-0.508439	1.41261	0.877168	23.0	0.233489	1.18834	0.860131	24.0	0.234123	1.14982	0.903764
29.592	0.0	-0.0451491	1.12668	0.908769	1.0	-0.106108	1.15454	1.23761	2.0	-0.171395	1.19493	1.55492	3.0	-0.111045	1.21868	1.6891	4.0	-0.308211	1.20699	1.4064	5.0	-0.418881	1.23668	1.21022	6.0	-0.47121	1.37709	1.00052	7.0	-0.489167	1.43701	0.922808	8.0	0.00764687	1.18652	1.42379	9.0	0.134154	1.127	1.17082	10.0	0.213287	1.16408	0.973358	11.0	0.229555	1.16698	0.908198	12.0	-0.149933	1.15741	0.908939	13.0	-0.176555	1.13184	0.512011	14.0	-0.171567	1.10306	0.129675	15.0	-0.165361	1.18802	0.060859	16.0	0.0127582	1.15292	0.910908	17.0	0.129229	1.02801	0.508681	18.0	0.243565	0.989718	0.144601	19.0	0.307972	1.07193	0.107213	20.0	-0.154143	1.18268	1.47723	21.0	-0.488282	1.46851	0.876303	22.0	-0.47783	1.4744	0.929206	23.0	0.236901	1.16879	0.851757	24.0	0.225791	1.13654	0.911661
29.625	0.0	-0.046285	1.13063	0.909056	1.0	-0.106032	1.16409	1.23898	2.0	-0.170827	1.2107	1.55815	3.0	-0.109326	1.23018	1.69192	4.0	-0.307504	1.23131	1.40793	5.0	-0.425266	1.26994	1.21666	6.0	-0.457089	1.43078	1.04739	7.0	-0.472293	1.51105	0.961711	8.0	0.00548608	1.19729	1.42494	9.0	0.129667	1.1333	1.17203	10.0	0.210375	1.1577	0.973895	11.0	0.227075	1.15344	0.907734	12.0	-0.149757	1.16278	0.909466	13.0	-0.179334	1.1366	0.50767	14.0	-0.172507	1.10248	0.130086	15.0	-0.165862	1.18634	0.0609331	16.0	0.0104173	1.15594	0.911062	17.0	0.128766	1.05357	0.515543	18.0	0.251641	1.04558	0.157965	19.0	0.325894	1.11962	0.133372	20.0	-0.153495	1.19711	1.47996	21.0	-0.471671	1.55442	0.914765	22.0	-0.47038	1.55791	0.969094	23.0	0.23901	1.1468	0.850299	24.0	0.218701	1.12197	0.918931
29.66	0.0	-0.0467847	1.12961	0.909526	1.0	-0.106084	1.166	1.23977	2.0	-0.170838	1.22113	1.5602	3.0	-0.109261	1.23493	1.69298	4.0	-0.305295	1.25274	1.40576	5.0	-0.424716	1.31545	1.2206	6.0	-0.443431	1.48501	1.07367	7.0	-0.455255	1.57855	0.993773	8.0	0.00414139	1.20777	1.42644	9.0	0.124402	1.13891	1.17294	10.0	0.203854	1.14315	0.973758	11.0	0.217761	1.14247	0.924367	12.0	-0.147807	1.16136	0.910139	13.0	-0.182734	1.15064	0.522674	14.0	-0.172763	1.10228	0.130475	15.0	-0.165757	1.18474	0.0618416	16.0	0.00543843	1.15349	0.912087	17.0	0.148386	1.09463	0.478188	18.0	0.30174	1.11101	0.127905	19.0	0.37742	1.1912	0.127241	20.0	-0.153439	1.20487	1.48168	21.0	-0.453819	1.63512	0.954339	22.0	-0.46179	1.61984	1.00577	23.0	0.232476	1.13832	0.854002	24.0	0.20965	1.1125	0.924043
29.693	0.0	-0.0509486	1.13733	0.910846	1.0	-0.108094	1.18092	1.24242	2.0	-0.170753	1.23633	1.56303	3.0	-0.104242	1.25341	1.69354	4.0	-0.308014	1.27396	1.40654	5.0	-0.426221	1.34447	1.22285	6.0	-0.431429	1.53969	1.08658	7.0	-0.436688	1.6506	1.01178	8.0	0.00335593	1.2229	1.42887	9.0	0.120575	1.14987	1.17498	10.0	0.200852	1.13989	0.97694	11.0	0.216916	1.13358	0.920921	12.0	-0.148203	1.17036	0.911739	13.0	-0.183465	1.156	0.527544	14.0	-0.172799	1.10224	0.130477	15.0	-0.165417	1.18333	0.0622478	16.0	-0.0025805	1.16139	0.912911	17.0	0.153343	1.1194	0.480973	18.0	0.306113	1.16234	0.140769	19.0	0.345413	1.22876	0.115669	20.0	-0.153802	1.22074	1.48455	21.0	-0.432074	1.70359	0.987352	22.0	-0.457457	1.67904	1.03084	23.0	0.23523	1.11772	0.851977	24.0	0.213659	1.10116	0.913927
29.726	0.0	-0.0515182	1.16224	0.908854	1.0	-0.106604	1.19841	1.24342	2.0	-0.16911	1.24676	1.56572	3.0	-0.100358	1.2651	1.69342	4.0	-0.306208	1.29146	1.40909	5.0	-0.415522	1.37931	1.22662	6.0	-0.417921	1.59208	1.09639	7.0	-0.417096	1.69655	1.03962	8.0	0.00465423	1.23326	1.43139	9.0	0.120384	1.15974	1.17668	10.0	0.201594	1.13481	0.952115	11.0	0.218534	1.12908	0.907677	12.0	-0.145262	1.19425	0.911024	13.0	-0.183824	1.15861	0.528749	14.0	-0.172552	1.10175	0.13096	15.0	-0.165212	1.18232	0.062604	16.0	-0.00567244	1.18699	0.909291	17.0	0.155473	1.15257	0.478421	18.0	0.305361	1.19701	0.131155	19.0	0.371426	1.28947	0.157736	20.0	-0.152148	1.23268	1.4869	21.0	-0.411316	1.75428	1.01065	22.0	-0.42588	1.72508	1.06242	23.0	0.226971	1.12338	0.851313	24.0	0.199227	1.10861	0.919218
29.759	0.0	-0.049221	1.17914	0.907948	1.0	-0.103406	1.21427	1.24384	2.0	-0.165513	1.25989	1.56769	3.0	-0.100228	1.2701	1.69391	4.0	-0.303666	1.30576	1.41122	5.0	-0.414982	1.39447	1.23023	6.0	-0.400186	1.61478	1.11359	7.0	-0.392991	1.73381	1.05912	8.0	0.00802913	1.24639	1.43326	9.0	0.122853	1.17309	1.17797	10.0	0.205476	1.13404	0.934379	11.0	0.220002	1.13065	0.896798	12.0	-0.142662	1.20948	0.910738	13.0	-0.183065	1.16488	0.533444	14.0	-0.173125	1.09904	0.136391	15.0	-0.164808	1.18176	0.062684	16.0	-0.0035876	1.20513	0.907713	17.0	0.157741	1.19035	0.488895	18.0	0.309638	1.25484	0.140274	19.0	0.350414	1.33984	0.171378	20.0	-0.148605	1.24668	1.48847	21.0	-0.37795	1.77738	1.03896	22.0	-0.417188	1.75521	1.08429	23.0	0.229634	1.11787	0.840734	24.0	0.198827	1.11563	0.909723
29.792	0.0	-0.0442178	1.19395	0.908531	1.0	-0.0999683	1.22671	1.24495	2.0	-0.1634	1.27015	1.56943	3.0	-0.0985812	1.28045	1.69434	4.0	-0.298564	1.32337	1.41253	5.0	-0.392251	1.44991	1.24333	6.0	-0.378073	1.67408	1.12398	7.0	-0.371856	1.76403	1.07318	8.0	0.0100479	1.25666	1.43495	9.0	0.124491	1.18349	1.17939	10.0	0.217513	1.13659	0.908673	11.0	0.220526	1.14459	0.894281	12.0	-0.136263	1.22426	0.911059	13.0	-0.182735	1.17227	0.53765	14.0	-0.173435	1.09837	0.138597	15.0	-0.164367	1.17912	0.0633266	16.0	-2.60673e-05	1.21974	0.908553	17.0	0.160027	1.21025	0.473628	18.0	0.299819	1.27467	0.142078	19.0	0.32362	1.35417	0.113742	20.0	-0.146187	1.25749	1.49004	21.0	-0.356506	1.8015	1.05251	22.0	-0.396148	1.78603	1.093	23.0	0.219537	1.14658	0.845653	24.0	0.202168	1.13339	0.903791
29.826	0.0	-0.0420469	1.20962	0.90827	1.0	-0.0976308	1.24047	1.24558	2.0	-0.161066	1.28186	1.57096	3.0	-0.0981344	1.28776	1.69544	4.0	-0.293325	1.33703	1.41312	5.0	-0.389381	1.4926	1.23232	6.0	-0.372179	1.68632	1.1191	7.0	-0.351202	1.78227	1.08236	8.0	0.0123163	1.26838	1.43644	9.0	0.126519	1.19527	1.18071	10.0	0.213587	1.16455	0.91893	11.0	0.218966	1.16134	0.889092	12.0	-0.133566	1.24042	0.91042	13.0	-0.181759	1.17782	0.536236	14.0	-0.173558	1.09882	0.140926	15.0	-0.164415	1.17893	0.0633467	16.0	0.00139644	1.23454	0.908678	17.0	0.155682	1.23427	0.470213	18.0	0.279542	1.30925	0.149701	19.0	0.336297	1.40668	0.13118	20.0	-0.143842	1.26973	1.49134	21.0	-0.32969	1.82458	1.06066	22.0	-0.35992	1.80943	1.11182	23.0	0.218486	1.16658	0.849422	24.0	0.211648	1.14988	0.890475
29.859	0.0	-0.0369795	1.22677	0.907299	1.0	-0.0934206	1.25547	1.2457	2.0	-0.157703	1.29471	1.57212	3.0	-0.0821017	1.31764	1.6921	4.0	-0.288006	1.35043	1.41388	5.0	-0.380431	1.49022	1.23775	6.0	-0.358055	1.68551	1.12841	7.0	-0.332589	1.79533	1.08555	8.0	0.0156275	1.28121	1.43756	9.0	0.129665	1.2081	1.18172	10.0	0.220272	1.15217	0.912136	11.0	0.222612	1.17472	0.873017	12.0	-0.127929	1.25763	0.909408	13.0	-0.180849	1.18717	0.535862	14.0	-0.173727	1.0994	0.142164	15.0	-0.164262	1.17881	0.0635158	16.0	0.00555412	1.25131	0.907802	17.0	0.149333	1.25796	0.470123	18.0	0.2646	1.33438	0.144734	19.0	0.26094	1.44317	0.111147	20.0	-0.140271	1.28313	1.49224	21.0	-0.30848	1.83948	1.06461	22.0	-0.325196	1.80299	1.12444	23.0	0.223641	1.18177	0.85802	24.0	0.209686	1.17551	0.884245
29.892	0.0	-0.0324633	1.24485	0.906559	1.0	-0.0894695	1.2702	1.24537	2.0	-0.154375	1.30624	1.5722	3.0	-0.0843626	1.31942	1.69287	4.0	-0.284991	1.36157	1.41386	5.0	-0.377125	1.49965	1.2332	6.0	-0.347215	1.69464	1.12558	7.0	-0.315437	1.80201	1.08232	8.0	0.0189184	1.29273	1.43762	9.0	0.132849	1.21959	1.18173	10.0	0.223488	1.16364	0.912156	11.0	0.222488	1.19807	0.871359	12.0	-0.123414	1.27157	0.908757	13.0	-0.178502	1.1943	0.53083	14.0	-0.1728	1.10099	0.143434	15.0	-0.164292	1.17922	0.0639289	16.0	0.00954115	1.27374	0.907015	17.0	0.133966	1.27768	0.488149	18.0	0.24293	1.35824	0.140947	19.0	0.250919	1.43184	0.0917638	20.0	-0.136782	1.29544	1.49222	21.0	-0.287235	1.84797	1.05966	22.0	-0.308139	1.81629	1.11781	23.0	0.229859	1.19987	0.865726	24.0	0.225689	1.20786	0.869424
29.926	0.0	-0.0286047	1.25977	0.905649	1.0	-0.0849668	1.28526	1.24484	2.0	-0.149348	1.32106	1.57211	3.0	-0.0861396	1.32512	1.69466	4.0	-0.281801	1.37388	1.41264	5.0	-0.370763	1.50826	1.22802	6.0	-0.316584	1.73952	1.10474	7.0	-0.301915	1.80531	1.0733	8.0	0.0239014	1.30753	1.4375	9.0	0.137719	1.23432	1.18156	10.0	0.22835	1.17834	0.911995	11.0	0.226554	1.2196	0.872066	12.0	-0.118459	1.28965	0.90726	13.0	-0.17562	1.20427	0.529277	14.0	-0.172113	1.10265	0.14464	15.0	-0.16413	1.1794	0.0640759	16.0	0.0121733	1.28504	0.906641	17.0	0.130539	1.29605	0.475341	18.0	0.227201	1.37355	0.144076	19.0	0.222644	1.48257	0.110996	20.0	-0.13187	1.31037	1.49201	21.0	-0.27429	1.85026	1.04958	22.0	-0.304831	1.83887	1.10186	23.0	0.233648	1.21658	0.863895	24.0	0.235599	1.20739	0.876449
29.96	0.0	-0.0228892	1.2765	0.903223	1.0	-0.0787819	1.30065	1.24256	2.0	-0.142776	1.33516	1.56997	3.0	-0.0862447	1.33464	1.69597	4.0	-0.278715	1.38471	1.40942	5.0	-0.36292	1.51579	1.22166	6.0	-0.313447	1.73706	1.10047	7.0	-0.292809	1.80452	1.05811	8.0	0.0304249	1.32162	1.43535	9.0	0.144137	1.24833	1.1794	10.0	0.234759	1.19238	0.909834	11.0	0.227894	1.24328	0.867978	12.0	-0.113209	1.30229	0.904751	13.0	-0.110507	1.24747	0.520519	14.0	-0.17135	1.1054	0.146238	15.0	-0.163887	1.18034	0.0645812	16.0	0.017827	1.30565	0.904564	17.0	0.123625	1.309	0.471303	18.0	0.204369	1.38548	0.129109	19.0	0.198859	1.4947	0.0964108	20.0	-0.125385	1.3248	1.48984	21.0	-0.262866	1.85099	1.034	22.0	-0.298316	1.84383	1.08201	23.0	0.228011	1.2459	0.866128	24.0	0.225152	1.24933	0.868007
29.992	0.0	-0.0187422	1.29472	0.899679	1.0	-0.0734806	1.31555	1.23995	2.0	-0.136531	1.34718	1.56812	3.0	-0.0809677	1.34887	1.69369	4.0	-0.268705	1.39798	1.40368	5.0	-0.355177	1.52429	1.21318	6.0	-0.307406	1.73118	1.08773	7.0	-0.288521	1.80087	1.03579	8.0	0.0366271	1.33362	1.43349	9.0	0.150251	1.26026	1.17753	10.0	0.240815	1.20424	0.907977	11.0	0.239318	1.26331	0.866293	12.0	-0.108079	1.31946	0.900978	13.0	-0.110463	1.25049	0.518331	14.0	-0.168642	1.10983	0.144113	15.0	-0.163163	1.18359	0.0644055	16.0	0.0206259	1.32409	0.901371	17.0	0.111251	1.32581	0.47631	18.0	0.179345	1.38673	0.120645	19.0	0.192078	1.45322	0.0713826	20.0	-0.119359	1.33749	1.48781	21.0	-0.258168	1.84702	1.00738	22.0	-0.297965	1.84631	1.06173	23.0	0.237721	1.2682	0.861786	24.0	0.23296	1.27269	0.864965
30.025	0.0	-0.0130828	1.31325	0.892718	1.0	-0.066275	1.33243	1.23412	2.0	-0.127895	1.3621	1.56341	3.0	-0.0761969	1.3626	1.69221	4.0	-0.26471	1.40505	1.40072	5.0	-0.348054	1.52443	1.20336	6.0	-0.301995	1.72701	1.05666	7.0	-0.288365	1.78926	1.00868	8.0	0.0452037	1.34853	1.42877	9.0	0.158712	1.27508	1.17283	10.0	0.249211	1.219	0.903296	11.0	0.252634	1.28516	0.859119	12.0	-0.102148	1.33729	0.894395	13.0	-0.106777	1.26248	0.505393	14.0	-0.167033	1.11586	0.14606	15.0	-0.16267	1.18489	0.0650796	16.0	0.0256746	1.34295	0.894219	17.0	0.103243	1.33711	0.484256	18.0	0.152313	1.3762	0.118066	19.0	0.183773	1.44785	0.0743018	20.0	-0.111062	1.35294	1.48282	21.0	-0.26362	1.84054	0.982676	22.0	-0.298997	1.83835	1.03327	23.0	0.257873	1.2844	0.854016	24.0	0.257752	1.28718	0.856836
30.059	0.0	-0.0109377	1.33187	0.885557	1.0	-0.0601904	1.34868	1.22818	2.0	-0.117714	1.37669	1.55831	3.0	-0.0680677	1.3811	1.68556	4.0	-0.258535	1.41542	1.39322	5.0	-0.341944	1.52404	1.19477	6.0	-0.303508	1.71737	1.02898	7.0	-0.294267	1.77465	0.976053	8.0	0.0553187	1.3631	1.42367	9.0	0.168706	1.28956	1.16776	10.0	0.259127	1.2334	0.898253	11.0	0.264551	1.30658	0.85356	12.0	-0.0994677	1.35649	0.887506	13.0	-0.106882	1.27726	0.483791	14.0	-0.165486	1.1226	0.144685	15.0	-0.162528	1.1868	0.0652415	16.0	0.0269947	1.36064	0.887043	17.0	0.0942136	1.3515	0.497435	18.0	0.139719	1.37386	0.121221	19.0	0.157536	1.45074	0.0688812	20.0	-0.101949	1.3679	1.47754	21.0	-0.274775	1.82167	0.945243	22.0	-0.306228	1.84298	0.986942	23.0	0.246701	1.31839	0.835858	24.0	0.247015	1.3324	0.865902
30.092	0.0	-0.00765235	1.34479	0.8807	1.0	-0.0528995	1.36339	1.22309	2.0	-0.10594	1.39256	1.55325	3.0	-0.0564519	1.39675	1.68256	4.0	-0.244142	1.42638	1.38593	5.0	-0.333921	1.52094	1.18378	6.0	-0.31005	1.67834	1.01405	7.0	-0.302503	1.74459	0.947213	8.0	0.0670186	1.37894	1.41861	9.0	0.180273	1.30529	1.16274	10.0	0.266059	1.33058	0.902163	11.0	0.281147	1.33542	0.866572	12.0	-0.0944151	1.37048	0.883536	13.0	-0.152908	1.30121	0.518203	14.0	-0.163548	1.13189	0.141633	15.0	-0.162351	1.18886	0.0653962	16.0	0.0284297	1.37247	0.881457	17.0	0.0952576	1.35887	0.493497	18.0	0.138702	1.37513	0.12342	19.0	0.157002	1.4496	0.068188	20.0	-0.0912998	1.38355	1.47244	21.0	-0.290213	1.7936	0.905968	22.0	-0.31417	1.77889	0.969511	23.0	0.27441	1.32739	0.823609	24.0	0.258112	1.34165	0.829023
30.126	0.0	0.0284751	1.38833	0.8831	1.0	-0.0282946	1.39379	1.22341	2.0	-0.0930028	1.40953	1.55229	3.0	-0.0454787	1.41935	1.68086	4.0	-0.230073	1.43504	1.38543	5.0	-0.307927	1.48321	1.17687	6.0	-0.312184	1.66419	0.984491	7.0	-0.313186	1.71508	0.914445	8.0	0.0798821	1.39588	1.41764	9.0	0.193004	1.3221	1.16176	10.0	0.275741	1.37774	0.91911	11.0	0.303187	1.35636	0.874331	12.0	-0.0657293	1.40889	0.885062	13.0	-0.150934	1.32683	0.522396	14.0	-0.162065	1.1408	0.139507	15.0	-0.162672	1.19172	0.06681	16.0	0.0692186	1.41787	0.884596	17.0	0.103045	1.36984	0.492578	18.0	0.139433	1.37606	0.123354	19.0	0.159695	1.45146	0.0660835	20.0	-0.0757069	1.40357	1.47172	21.0	-0.303099	1.75632	0.87064	22.0	-0.319674	1.75407	0.933106	23.0	0.305711	1.34363	0.823006	24.0	0.277513	1.40259	0.890167
30.16	0.0	0.0359469	1.40699	0.880326	1.0	-0.0197414	1.41099	1.22163	2.0	-0.0837644	1.42525	1.55101	3.0	-0.0325516	1.44127	1.67796	4.0	-0.219967	1.44328	1.38756	5.0	-0.302735	1.48177	1.17799	6.0	-0.319812	1.62916	0.954354	7.0	-0.325447	1.6774	0.888129	8.0	0.0840788	1.47613	1.38929	9.0	0.196785	1.402	1.13347	10.0	0.291493	1.39776	0.932856	11.0	0.327693	1.38236	0.886206	12.0	-0.063641	1.42053	0.882083	13.0	-0.148207	1.38518	0.53107	14.0	-0.159588	1.16671	0.147389	15.0	-0.161014	1.20494	0.0660732	16.0	0.0857084	1.44807	0.882499	17.0	0.111412	1.38547	0.494424	18.0	0.139954	1.37731	0.12474	19.0	0.166815	1.45542	0.0633895	20.0	-0.0663068	1.42008	1.47035	21.0	-0.319554	1.70928	0.838403	22.0	-0.329152	1.71493	0.901892	23.0	0.339469	1.36113	0.833508	24.0	0.301854	1.43808	0.872714
30.192	0.0	0.0539967	1.45055	0.882366	1.0	-0.00402822	1.44534	1.22089	2.0	-0.0703901	1.45147	1.54787	3.0	-0.0236635	1.46345	1.67762	4.0	-0.212623	1.45189	1.38879	5.0	-0.294363	1.47848	1.16659	6.0	-0.323416	1.59433	0.94189	7.0	-0.335517	1.63173	0.866014	8.0	0.089193	1.48775	1.39138	9.0	0.105248	1.53948	1.15623	10.0	0.30383	1.4354	0.982894	11.0	0.351574	1.41873	0.901183	12.0	-0.0512803	1.45702	0.880748	13.0	-0.148317	1.43866	0.537895	14.0	-0.156001	1.21074	0.159877	15.0	-0.160375	1.22473	0.067335	16.0	0.104688	1.49142	0.887773	17.0	0.117692	1.39722	0.491388	18.0	0.140478	1.38045	0.126761	19.0	0.167988	1.45576	0.0626247	20.0	-0.0523853	1.44809	1.46779	21.0	-0.330302	1.65413	0.810585	22.0	-0.323561	1.66321	0.873066	23.0	0.372829	1.37657	0.854869	24.0	0.336171	1.46428	0.875522
30.226	0.0	0.0509971	1.45456	0.881008	1.0	-0.00204422	1.45567	1.21815	2.0	-0.0580118	1.47348	1.54196	3.0	-0.00912669	1.50048	1.66831	4.0	-0.204007	1.46229	1.38802	5.0	-0.286441	1.47649	1.15297	6.0	-0.328426	1.55533	0.91709	7.0	-0.34441	1.58222	0.842612	8.0	0.0940378	1.51131	1.3904	9.0	0.111926	1.5444	1.16274	10.0	0.32462	1.46136	0.994601	11.0	0.370948	1.45942	0.917369	12.0	-0.0533462	1.46041	0.880221	13.0	-0.14475	1.4867	0.532957	14.0	-0.147349	1.262	0.152921	15.0	-0.18151	1.3757	0.12106	16.0	0.100449	1.49774	0.885126	17.0	0.130693	1.41998	0.493691	18.0	0.141813	1.38299	0.126193	19.0	0.167987	1.45598	0.0627359	20.0	-0.0431843	1.46686	1.46284	21.0	-0.339475	1.59325	0.782691	22.0	-0.338042	1.61853	0.854135	23.0	0.385332	1.44906	0.849708	24.0	0.343775	1.51962	0.91387
